50
37 35 -35 -26 -11 -18 -28 93 9 92 69 26 -12 63 51 80 -2 -53 -48 -45 51 -9 -66 -54 -79 6 -1 49 97 46 36 57 -77 -33 -96 -74 -23 -86 23 -61 -79 -69 -63 -14 32 -90 -24 -76 -70 26 
2 -6 50 2 1 46 -99 20 68 87 60 81 94 62 -55 -21 58 60 -82 9 -13 -25 -54 44 56 -53 4 53 -33 -47 -54 59 24 -3 -24 42 -97 -46 54 42 38 28 28 28 94 16 -56 -12 -21 32 
84 12 -73 -87 52 -99 63 36 -45 39 -42 3 -26 30 -26 67 89 19 -59 -70 40 6 -48 -88 -89 63 72 36 -62 -93 25 -9 64 0 -17 -43 51 -38 -60 75 -18 9 28 4 -77 48 19 66 -32 -91 
30 -72 92 -96 -3 11 -5 -41 80 -66 -78 -23 -28 -20 22 -25 -21 12 2 -49 12 51 -37 96 0 49 78 88 6 88 98 11 33 -2 93 56 -27 -41 -55 -52 -82 17 73 -29 72 -59 -31 4 15 9 
76 54 85 -88 87 36 -22 -4 -26 -14 61 -11 17 90 22 20 -30 49 90 17 9 -5 -8 -43 -51 -12 -8 -90 29 81 70 -24 23 -10 46 99 -11 21 79 -71 -13 38 56 51 36 -25 17 -95 95 63 
44 -55 78 -8 -7 52 15 58 74 -48 37 68 4 36 -27 1 59 88 -50 43 -36 93 -57 -59 -57 -11 -86 85 49 -78 21 -59 69 62 21 -40 89 -35 -14 73 13 96 77 16 21 76 34 -69 -31 47 
96 21 42 -31 -89 -84 83 -53 -11 42 -38 38 14 -78 -48 54 89 -82 61 -80 87 -79 -25 67 -57 43 -63 12 27 79 96 -25 68 4 65 -7 72 -84 -13 -39 46 -74 13 -14 49 40 -49 -34 -89 78 
-97 38 -8 18 76 18 7 -5 -84 -14 19 -50 44 96 17 36 66 -32 -75 23 -23 -32 -19 -54 -61 -12 -48 -73 9 5 28 -16 -49 2 -48 46 -20 -4 90 -22 0 -27 57 35 -39 70 73 90 -41 -10 
-59 -19 -80 63 -63 42 20 34 55 74 -51 75 27 -27 92 -10 -71 11 24 -51 57 -36 -89 41 97 93 6 47 81 6 66 54 -93 -71 96 -93 -32 17 -48 9 77 -93 -65 -87 -59 46 90 -56 -66 -15 
97 47 -47 -81 -85 24 14 11 -46 76 62 -54 58 -84 -11 70 65 -13 43 -64 40 -43 -91 39 15 11 -85 67 -11 -99 88 36 -36 97 67 73 -41 -19 -78 4 55 35 86 -61 -48 92 0 -62 -1 89 
39 -10 71 87 25 21 -21 -37 8 29 -90 -73 28 -41 69 63 3 -83 1 70 -16 18 -92 94 67 8 -24 -1 -4 -10 -51 -40 85 -29 -23 -26 77 -72 -35 56 -9 53 -78 -17 98 -53 4 74 10 5 
80 10 75 62 -10 -75 -35 -93 -29 -55 -51 84 -89 42 18 -72 -32 -53 30 99 -11 -60 12 -10 38 62 94 -14 -96 -46 -85 19 -19 17 -81 70 -10 -43 -15 -16 -11 -63 72 7 -39 73 -12 45 -66 -27 
94 2 15 94 68 -47 -48 -16 -14 62 -81 -45 -9 -92 96 68 77 -90 10 52 -21 -81 32 76 95 73 -78 23 -74 30 45 42 61 35 17 28 67 -15 36 -69 59 87 75 26 92 75 -93 -30 -32 42 
-34 -34 -21 -84 46 -40 -74 59 94 86 74 -75 15 -23 32 57 -18 -56 96 -76 9 -17 44 36 82 -52 50 -71 95 25 -19 -8 49 -49 -72 -19 -80 81 50 72 57 91 -14 -37 -93 -39 87 -9 44 9 
87 5 67 47 -83 -52 59 -9 9 67 98 -34 87 -53 -66 -44 81 -90 -44 30 68 16 -61 92 -69 42 58 6 23 20 16 88 -46 56 -46 60 99 -78 5 62 27 -47 -37 86 -96 87 -26 22 75 99 
-59 91 -43 52 10 -26 21 -10 24 -42 -56 -73 -11 70 -14 -27 -40 -77 -7 -13 -70 24 -61 -89 79 -23 -41 -5 64 92 -10 73 0 45 9 12 21 -84 -50 94 -98 84 -63 19 0 -54 56 42 -16 29 
-88 -96 -7 -26 26 -6 -14 -10 -37 -92 -84 -66 -48 16 -56 -31 93 49 68 -4 54 -89 67 88 -1 -63 -34 -6 13 -53 75 71 -51 25 95 -32 84 53 -98 42 69 -69 -80 -55 67 -22 -9 -31 -74 -82 
-3 51 -14 -83 46 31 -92 -85 16 -1 18 -31 -39 -97 -90 -30 -45 -41 -45 -66 -13 75 -55 -37 76 19 22 -62 39 -88 68 -34 -7 16 -93 57 -92 -59 -47 49 25 32 14 50 45 73 -22 -51 97 -2 
-78 10 19 64 -98 98 69 79 -53 -66 -62 29 -71 69 -8 55 -39 71 -1 70 -62 -32 81 -67 -13 -71 -54 95 -82 -95 -2 93 -81 54 -16 -54 -33 -36 -77 12 -48 70 9 -19 26 37 -59 93 69 94 
81 36 -90 -40 17 -98 -96 6 95 -91 -61 -25 -56 23 -78 32 85 18 77 -22 77 -2 -74 -87 56 57 60 -63 -67 -46 -1 -74 -5 20 95 -25 79 98 -24 12 69 18 -36 29 -35 -14 -44 38 0 75 
83 -43 -15 -20 70 22 95 -91 -24 34 71 -45 30 -44 -73 31 -30 95 58 -82 -70 -61 -76 23 27 -7 41 85 91 -35 -44 72 14 45 -88 66 33 89 89 17 -35 -77 8 -91 -44 -24 -60 -94 -16 -4 
26 -20 1 -24 59 -47 8 -71 96 -20 -92 34 -12 -1 11 51 -1 -8 42 66 79 24 -71 -74 74 -74 13 -28 46 -21 -31 83 -69 68 -60 -27 24 -2 -32 22 -66 -39 -98 61 -51 68 -5 -21 4 -13 
-31 -97 -16 70 85 -37 -55 76 20 -75 3 13 70 91 -63 61 9 -90 45 -21 -55 -77 34 82 -53 -76 34 -75 1 26 29 47 66 10 71 -77 94 15 41 -3 40 75 44 -65 76 19 84 -65 -17 30 
93 -54 22 -54 93 -40 27 -34 54 -25 41 -10 -11 -6 -37 -72 86 48 -68 -72 65 83 48 0 -46 -36 89 -9 29 92 15 38 21 -90 -68 65 -47 -29 -89 -10 28 55 -26 -7 76 -53 -62 59 -14 70 
83 -61 64 -37 67 -1 -73 20 59 -69 -30 -31 38 -31 -40 46 50 52 -69 57 -60 -5 -10 -35 -97 22 32 -80 -87 4 -60 -20 15 18 -37 23 -36 36 33 48 -23 21 -80 -41 -35 -82 52 -41 -68 8 
27 -79 -93 -87 -12 -70 46 -5 7 -42 56 23 -67 61 -28 -68 -99 82 -82 -61 93 24 86 -22 -96 88 -46 -88 -14 -53 45 28 -80 28 -21 -1 79 -57 66 -45 -33 67 -17 -94 -41 95 -21 -94 28 -79 
-46 64 8 85 -64 43 -42 -56 -58 39 64 71 -95 4 98 8 -27 -24 68 -45 70 77 21 82 85 -27 -40 26 38 31 43 -53 -54 -37 -48 -65 -7 -10 0 -56 45 -82 67 25 1 -42 -66 -83 -50 92 
-93 -53 -51 -69 25 -64 5 73 88 26 -1 60 -80 1 10 -82 51 33 33 52 26 -2 25 25 -78 62 74 -27 8 -92 -50 -72 90 65 -33 17 -16 -13 24 51 -89 -38 90 6 48 16 43 -63 -94 -60 
80 60 -88 51 25 -92 -35 64 -23 -71 49 -37 -7 -9 -5 -50 36 30 -91 -40 75 80 -60 0 53 15 95 90 54 93 -68 -23 4 -25 9 7 96 -32 18 77 5 -99 -69 29 77 51 8 -64 -16 -72 
-38 72 -65 64 99 65 73 27 75 82 31 -10 23 -39 -15 -48 19 64 75 7 -23 -24 -98 -39 73 -55 -20 75 -69 -78 13 -4 -17 -93 26 34 59 48 51 -90 13 81 74 90 -45 72 -15 74 55 53 
-95 -44 -49 -3 54 -92 -91 48 59 -41 41 36 42 -15 23 -61 -50 18 -96 -67 -4 62 15 72 65 -10 -89 -13 -58 24 41 31 -90 -59 -4 7 32 6 -52 -29 -15 -5 33 -31 99 -27 -53 76 -45 -26 
59 0 -97 12 64 1 -71 75 23 9 -91 -56 -19 21 -5 15 -18 34 50 46 48 -92 -62 69 -55 -27 60 34 -34 55 -66 -13 -31 -40 4 -51 25 44 -97 -65 -30 73 51 39 -42 4 -90 -37 54 3 
98 -49 14 83 79 -1 25 -71 -88 -28 -32 -28 25 8 -48 19 -15 58 40 73 71 79 -91 8 -87 -89 3 61 -17 -33 -27 3 84 -30 -74 17 -50 -3 -61 15 22 52 -10 21 15 -87 -59 11 -27 55 
-68 -76 32 22 -60 73 83 90 88 99 -10 0 -88 79 -41 -52 79 58 68 69 92 -94 3 -62 -55 92 68 -90 16 2 8 -81 -66 57 26 2 47 23 -2 -95 70 -9 -50 -32 53 48 -14 62 49 51 
68 22 -23 37 -19 84 -38 -95 -72 -66 -66 83 45 -47 91 -97 -57 -80 24 -24 72 8 81 36 -3 40 -3 -51 -58 17 86 3 27 -12 -43 -60 58 15 -88 72 -18 -81 -70 -22 16 -6 67 -19 48 73 
77 -55 -33 52 1 29 -23 45 -49 -82 47 -20 58 19 67 95 -54 42 53 43 81 -27 1 -9 -77 -94 32 9 -3 42 -75 90 26 37 54 84 -79 -3 46 8 6 -77 -94 45 -90 30 26 3 3 68 
-37 82 -32 13 -3 9 -27 -88 -15 23 33 -65 -72 -73 -98 -74 86 -52 10 59 77 19 -4 -41 28 -27 -70 -69 -15 31 67 -96 93 38 -51 93 -33 92 90 8 77 -71 72 -66 65 1 16 -89 -70 14 
-79 -33 -81 28 35 -17 -23 -16 89 -87 72 30 -46 62 67 16 -53 -53 12 89 92 98 25 8 89 11 -79 -72 -41 55 -40 -14 -85 98 66 -84 50 -17 23 28 -29 -71 -73 45 -39 23 -48 -85 30 67 
88 -89 -54 53 -9 -54 -59 35 -76 51 65 -81 68 92 66 63 -71 -43 46 42 18 -14 35 27 38 -81 -70 -39 -74 28 -53 -24 57 -3 97 -30 -85 -48 -38 36 -51 -91 18 22 -12 28 64 -36 90 -44 
-25 71 -74 0 23 87 -65 -47 -18 -57 14 -84 -74 28 31 -81 -62 40 -84 98 97 73 52 -96 -22 49 -96 15 -59 2 -11 50 2 80 21 6 21 16 -4 -18 -82 68 -45 -69 69 69 31 42 2 21 
28 56 -92 -97 -64 99 -82 47 -92 3 74 73 -34 -33 -32 -95 94 -61 -72 83 -88 36 16 65 -2 -45 -99 43 59 -7 -91 30 63 89 96 -25 76 92 23 90 -60 74 -8 -31 15 33 63 76 -20 -71 
54 -78 -48 5 37 -43 39 0 -52 -9 -37 -4 85 82 77 58 51 37 3 68 -40 84 52 -29 -37 -22 -94 36 -43 -40 -43 -99 59 59 98 44 18 -4 23 74 88 -85 -30 70 -93 86 -92 86 32 -2 
85 -51 6 31 -56 32 5 -52 54 94 -73 -54 -46 40 78 -80 -21 -32 76 64 0 -85 79 44 -48 99 25 50 38 93 -16 -3 -59 -88 51 -42 -43 59 -53 -39 57 -77 69 -13 74 -65 -7 -43 -66 58 
75 7 73 53 23 41 93 -39 -24 6 -71 -72 -72 68 33 -62 -2 -74 83 -83 -38 -76 -44 27 88 1 4 -38 99 53 -50 -79 23 96 -79 20 -33 -71 -39 -72 35 87 87 98 31 76 72 -69 -39 88 
-41 -69 -27 -92 -97 -84 36 64 6 95 37 -13 -8 93 -59 -30 -66 3 36 -41 -37 70 95 53 68 -18 8 -22 11 59 67 96 62 23 -21 -55 98 86 -90 87 56 43 -7 -35 -63 -23 63 -42 19 58 
-26 78 22 -80 -74 -41 -63 77 -16 -34 -81 -46 -8 29 -76 -21 60 -99 55 -28 -14 6 45 -96 98 23 42 99 -97 88 58 -98 -4 0 -92 5 -89 -43 71 -49 97 -12 41 -23 -47 -3 48 -88 -93 64 
-69 62 85 -80 -94 -93 -99 29 -54 53 52 85 47 -24 68 62 33 -17 -23 93 94 31 -33 26 -62 16 -17 70 55 -2 24 -41 63 -18 -86 -43 19 11 -46 -56 -72 25 -84 35 96 -8 -32 34 59 39 
68 -20 78 7 22 22 79 24 58 83 9 76 -72 -67 -32 14 -86 -57 11 37 95 23 50 64 -90 53 -41 -81 -50 -87 25 90 68 -79 71 30 -27 -51 -83 -51 -30 33 88 -17 14 98 7 -29 81 -1 
-46 3 -24 21 86 84 64 82 -98 53 84 59 82 -85 -54 52 -97 -16 -60 6 -53 -67 -79 77 -85 13 91 -1 -10 -4 20 72 99 -11 55 54 55 59 22 -36 37 27 -15 64 94 -49 11 -61 45 -55 
57 92 46 -16 -75 -61 -42 -72 47 4 -32 28 18 -56 77 1 8 -65 -44 28 38 34 -75 -3 12 79 39 -30 56 -94 -47 -81 73 -65 2 35 -56 34 -1 82 -85 -84 44 -66 36 20 32 -21 52 -99 
