100
10 -34 -66 -10 -74 3 -64 45 57 58 -33 49 -52 -41 41 18 -92 94 27 25 -53 -3 -93 71 -45 -71 46 56 37 41 -88 20 22 44 -87 -77 -68 58 -47 -15 -78 12 -35 47 -3 -21 16 -72 -11 7 -78 18 16 65 78 -98 15 95 7 -33 -62 -67 -22 74 17 45 -80 45 14 79 16 -50 -69 -77 -83 -85 -28 72 -63 -38 82 0 -45 -81 -7 -12 15 -14 -18 -84 -56 -66 -78 -47 -58 -89 99 83 46 -83 
64 90 84 -25 19 85 -33 -15 -23 32 -71 -91 50 -80 25 66 93 20 -19 -91 -53 -47 6 -61 77 58 37 66 89 2 -70 56 -45 49 56 -12 36 -7 -59 -47 93 -87 -70 -10 2 71 43 94 43 -50 47 10 -20 -39 -42 58 78 66 40 42 -17 -94 86 15 -67 38 48 80 -61 -1 6 75 50 94 91 -14 -42 -39 64 4 -50 26 -96 65 62 -39 -25 -70 -25 -7 9 -31 27 96 -86 39 -37 -62 -15 -93 
1 -11 13 -94 -47 93 42 -92 -80 -46 24 19 96 92 -85 7 91 34 -88 23 -68 47 11 -62 42 -61 85 3 -16 23 73 14 6 -93 22 26 89 -52 24 -4 64 10 70 -1 15 56 -8 67 -60 56 -29 33 21 -96 62 -62 99 -75 -44 -56 52 99 -68 50 -14 94 -91 -84 -77 -37 26 53 -47 23 32 93 82 -45 -4 -27 -73 -96 97 20 34 95 -77 51 -88 11 91 -4 66 -31 55 -44 15 26 -42 -52 
99 -94 -85 -88 54 -55 -55 85 54 85 -73 79 -47 43 -80 -60 5 87 -32 -7 -92 -52 71 55 39 93 89 34 -50 -34 -63 -74 -25 71 -30 31 21 -74 -2 -82 -1 10 69 -95 96 74 -59 43 79 -59 48 -28 -40 17 87 -20 26 -67 89 -47 91 -23 22 82 86 84 83 -30 -52 43 -12 -36 32 -47 52 -69 -52 -10 12 -57 49 -89 -37 -41 54 93 -56 57 2 75 56 -61 -13 53 71 12 16 33 -39 -21 
-24 -94 -10 93 -87 -67 49 -1 -55 -19 64 16 86 -83 -77 -45 -45 -16 -9 4 46 39 -61 -17 30 -19 86 71 -9 -1 -15 9 93 -18 -37 -63 -87 -33 46 -82 35 99 -93 1 76 71 -48 -78 7 22 57 -99 23 70 -39 -24 -75 -56 86 -18 -48 -70 18 -29 68 -60 74 -45 17 64 -87 -13 14 -72 94 -1 79 21 84 53 66 -60 -16 -12 -93 -56 96 29 23 55 29 -41 85 98 -61 69 -87 41 39 -96 
-8 -99 57 71 -77 -25 -71 73 8 -63 38 -29 35 -4 26 3 -83 -99 64 25 -12 24 -43 -20 22 -89 -35 76 -48 74 -17 -97 -86 76 -94 -70 -85 82 55 51 81 -14 5 57 -72 -20 -17 -86 54 -28 -6 -64 -69 21 -77 -80 -92 32 65 -12 89 95 48 31 -30 -73 94 20 55 -47 68 -79 -98 69 -74 -73 72 9 -65 -18 -36 57 30 34 72 80 59 -53 -2 58 19 -33 -57 20 51 69 64 44 73 -41 
-77 16 -28 -35 47 -55 -47 87 43 64 38 98 70 -19 -7 84 15 97 -24 -71 -2 -19 -47 69 -90 -41 90 -44 76 -46 38 61 9 -32 -82 32 79 -30 51 -55 56 55 -67 54 -88 -36 53 82 -62 31 33 92 -79 54 3 -85 28 87 10 -8 -66 41 -4 -63 -16 30 -64 -67 -65 95 0 -67 -87 -45 -67 -4 -63 25 -11 54 1 36 -2 96 -37 60 55 -47 -11 -25 -2 -25 -58 88 -99 91 -38 90 67 -30 
-69 69 -13 -86 -13 -3 -97 -29 -24 -22 -71 -16 -57 -4 -13 -40 -37 -20 4 59 59 -79 59 2 -13 6 -15 -6 -93 95 -29 13 97 -31 16 47 -29 79 -17 -13 -32 -36 -56 91 82 57 -5 -68 74 -80 25 8 83 21 -60 -74 -68 -97 -40 -59 -43 57 -89 92 -88 -66 -31 -78 -66 -38 -71 -50 35 -11 52 -48 49 95 28 -42 -38 -82 40 70 -46 -34 -67 35 -45 -52 -48 59 -99 48 35 -67 -40 99 -61 -46 
-78 -1 38 -9 10 -13 86 -24 -79 48 42 -56 5 8 -82 75 75 -24 79 42 11 -27 96 39 -29 -62 37 90 78 -71 -32 -10 30 10 -41 7 39 21 87 -67 -50 -84 -66 28 92 17 2 86 -35 -66 30 24 -98 7 76 64 -23 -76 87 83 -56 16 -27 -94 -67 75 81 58 -88 17 -87 88 40 -39 81 -92 -39 38 53 59 -82 50 -82 -44 -58 -61 -12 16 46 67 -28 -75 18 -48 -46 -60 -53 70 11 29 
67 97 29 -61 72 -91 -57 46 -74 -40 42 -20 76 67 84 38 91 -78 71 71 -53 91 86 58 -60 -13 -79 26 -95 -64 30 39 -12 -86 -16 75 36 81 -79 67 15 63 18 -69 28 -12 21 -30 23 38 46 35 28 49 40 21 -10 -97 98 60 -49 -62 34 32 3 43 5 -82 41 -5 31 -43 -98 27 -20 -44 7 -54 29 11 55 -98 48 11 18 55 55 -84 -98 10 -78 -97 74 -59 66 -82 19 -2 -3 49 
-31 95 -32 -4 40 -72 2 -71 26 1 89 -16 -47 -18 -47 -72 91 21 33 4 -18 79 38 -92 -88 -61 -87 33 -75 -52 78 82 85 26 39 -33 60 -97 -95 84 9 80 -3 -58 -9 18 -81 -55 -64 51 86 -85 -79 82 -23 -75 76 53 -93 79 52 61 47 -75 32 90 -35 -61 41 82 55 90 -4 -98 -44 32 -39 74 -16 54 15 49 -58 -98 50 -84 -56 -33 -36 -64 -72 50 -85 -32 -88 -21 97 56 -56 85 
-26 65 -98 -27 -65 -19 53 32 30 -53 62 71 -24 -85 5 -18 -48 71 25 11 12 33 -66 40 -64 -39 -37 13 -49 85 -14 -62 91 -24 -99 55 90 -34 53 16 79 -42 85 -20 -25 72 25 4 -82 41 53 -71 -25 -11 30 34 52 -5 -33 22 -28 -62 51 -77 14 67 -74 -42 35 94 66 84 -97 92 -8 53 -50 15 34 -24 17 42 -62 -47 -16 42 65 -82 49 -47 -94 30 -80 99 40 99 -68 -77 59 -6 
-7 72 15 35 72 3 -63 1 81 -39 74 4 -28 -44 -64 -53 15 93 -97 68 88 -16 -27 91 1 -77 3 21 -46 -78 -69 -23 29 -69 -32 96 7 -68 19 21 -67 56 0 22 8 58 -83 -63 -40 -26 83 -37 -90 -37 -93 21 0 -47 1 -64 32 -27 50 79 57 99 -60 -75 -96 53 83 13 -22 -85 79 -5 4 90 -37 -23 85 44 28 38 34 27 59 -1 13 -67 -26 -78 99 -21 5 -29 -97 0 24 72 
6 70 -77 36 69 74 -73 -20 13 -78 -32 85 -25 58 -95 27 95 -21 -73 98 -17 -2 76 21 0 40 62 16 -32 56 61 52 -62 -52 71 -19 41 -61 -99 -65 2 13 -95 -25 55 -98 90 93 -93 -52 86 25 99 -48 6 35 -42 -14 34 75 -94 -51 -96 -56 32 47 -52 97 -31 -28 -93 43 53 93 27 -79 -2 -12 -88 -39 -77 -7 61 44 -3 -78 8 65 42 41 80 41 9 -43 -53 -15 72 -7 -87 1 
-19 -98 61 -82 90 86 -1 93 57 -73 -28 -81 50 37 52 -82 22 -99 -59 -95 -33 92 -94 31 90 -46 -63 -21 16 72 74 0 -90 -16 96 -64 -47 42 32 28 -68 -75 22 81 -28 62 73 36 -98 75 72 -23 -38 90 27 61 -65 -56 -38 23 5 97 19 35 40 6 -46 -32 -9 77 15 22 96 49 89 -3 16 -17 83 87 -59 31 -48 69 -33 -85 41 -92 43 60 58 -22 -43 82 81 -58 34 81 -12 50 
1 -99 -80 66 -57 96 18 -93 90 -24 -76 55 90 80 74 -1 -98 37 -44 -21 28 -37 72 -65 -32 34 -62 49 -69 -11 -99 -88 92 -50 -8 49 40 61 -7 14 82 77 -89 -48 -52 -3 14 -58 63 65 60 44 14 44 0 77 -17 -46 13 -16 85 -32 6 46 -46 -69 27 21 1 64 16 19 -74 -75 -24 15 89 21 91 -93 -2 -69 -79 -98 -92 90 -87 86 57 -24 12 4 29 -13 29 42 -81 71 99 63 
-45 25 98 -81 -68 11 62 -14 72 51 37 62 -37 95 -16 46 57 19 30 74 -41 27 49 58 8 78 42 50 99 0 -40 82 74 -10 -68 5 -74 98 -75 -37 -39 -15 -69 76 -7 -48 -26 1 59 6 -84 46 -96 -36 55 64 44 68 63 -15 56 72 -91 -49 -21 -64 22 64 -89 8 -66 -60 -61 -86 -5 42 37 86 32 -15 -43 94 -54 38 84 -92 -97 94 10 -84 55 -79 -5 -93 -13 -96 -2 -99 17 -86 
70 88 67 10 -36 -75 -67 83 -43 83 -94 46 -97 -79 46 49 -60 39 12 -8 -46 36 -73 -35 -35 -15 -12 -64 45 53 -86 0 34 23 -80 25 41 -30 61 -46 59 -13 -41 -3 96 -18 16 37 22 70 84 -44 -95 -84 68 -17 -70 -17 -87 7 74 -43 -13 64 76 85 -36 -63 90 -73 -26 -30 30 -27 34 11 -79 -23 72 -72 -71 -92 -37 84 68 28 79 -59 97 -92 -23 39 23 40 56 10 -16 -51 83 -77 
8 71 11 76 69 -55 52 89 64 -72 40 71 -29 54 -26 -29 33 -18 -26 96 59 -38 8 -85 5 -11 90 38 -10 79 -22 58 -63 75 61 -21 -48 3 81 -67 -1 -12 -40 50 36 76 -14 -28 97 46 -88 72 -20 -59 45 14 -86 22 -66 45 -27 -59 88 46 64 7 21 83 -29 44 -67 0 42 -92 16 -58 60 -65 83 71 73 83 -3 -79 -60 39 76 -52 24 22 -22 88 -8 -6 -62 -47 27 -7 69 86 
-4 -43 99 -17 -43 -35 -58 51 24 52 93 -49 18 24 -52 -13 65 -85 31 18 -13 -70 28 56 -50 -42 -72 73 -94 94 -69 -82 -60 -35 -47 66 84 -33 12 -85 22 -83 -74 -80 -32 58 -39 48 60 83 -12 94 34 85 -33 -67 -69 18 5 67 -43 31 7 -65 98 -51 -56 0 13 -16 -82 31 -8 -56 97 -82 73 -97 -21 -91 -56 61 37 5 -89 90 89 61 61 -45 -2 86 88 53 -19 56 14 -10 2 28 
42 82 -40 -8 -80 76 12 -86 -5 7 91 70 -22 92 -53 -57 -62 -60 39 -47 52 11 -56 -18 51 75 81 99 2 -38 -65 -43 -81 57 54 23 37 -76 -55 -96 -27 -52 65 63 71 -53 -33 -4 19 96 2 -56 57 -43 28 31 -90 5 82 41 31 67 98 22 33 -99 60 -26 -47 -47 -78 47 96 -33 13 -86 -20 63 91 81 35 80 -88 68 73 95 -18 76 39 79 -32 89 -22 42 -7 23 -41 64 -15 -71 
-10 -35 46 69 95 97 -3 77 -29 4 59 -53 -19 -55 46 55 81 -13 80 -79 61 -66 -60 -53 -99 14 -2 54 -89 -69 -87 -4 51 19 -33 -80 17 39 85 -95 24 63 -43 99 -37 -65 99 -70 -92 -6 -52 -3 -21 -71 75 -53 33 41 39 38 18 14 75 48 -50 -91 80 47 17 87 31 -24 32 63 83 12 66 28 -92 78 -48 4 84 35 -29 92 64 50 -74 44 -79 -5 58 86 -16 -77 12 -49 60 -7 
99 -4 -69 34 -67 23 82 -82 -44 -3 55 -80 67 33 -62 -8 -2 -89 10 -85 38 73 -7 -26 50 -15 92 17 -54 -71 -6 -68 47 53 93 -81 -23 24 -55 -53 75 9 -64 31 -52 29 34 -78 -2 68 -38 27 79 -93 -47 51 -5 76 72 -42 34 19 -19 -2 87 6 -26 -37 -6 75 5 -76 48 28 26 89 -64 66 -86 -93 23 -23 48 36 1 53 -24 1 -61 -77 3 -65 9 64 -2 87 -37 -67 42 -3 
61 -82 79 -28 77 15 12 -1 17 19 -6 59 36 -87 75 86 69 84 49 -40 -93 79 -21 -33 47 33 -27 -4 -8 37 -24 -52 99 19 60 -93 10 -76 -4 25 26 -46 38 -79 47 81 -3 19 61 97 -26 25 36 36 -94 -97 -95 -42 40 12 74 59 1 -28 9 -88 -76 42 73 -93 21 -69 40 1 24 61 46 -52 -88 37 0 -10 97 -8 -23 -59 -30 -47 49 66 16 -14 -44 -5 -42 -82 69 53 54 55 
-58 -22 80 42 -80 18 -60 81 65 -24 -2 -27 -44 54 -90 -49 -40 5 -32 22 -3 -84 -69 0 92 -28 30 0 74 -31 -83 -85 -66 12 45 -21 33 -5 -12 75 53 24 -87 -45 -22 42 50 20 -7 37 -23 -20 -94 -9 90 30 54 46 14 -4 -71 -91 -11 23 -54 -49 64 58 -68 -84 48 34 -63 14 -7 73 26 -28 -97 16 -69 -26 -44 58 49 -24 -51 82 -74 6 52 -24 -85 -11 28 -57 -9 -6 34 26 
75 27 -53 -87 86 61 53 -83 41 54 -71 49 5 81 2 -15 80 82 40 -8 -99 30 -99 -24 31 -82 3 -67 -75 5 -4 57 -26 -29 57 27 -79 81 -10 -36 76 32 72 -73 -35 86 -32 48 27 -18 41 23 86 96 -74 -74 53 70 29 -52 -18 -88 5 90 -18 -14 -36 -10 -95 -19 42 -71 -36 -90 -46 18 -1 -18 -88 -99 -31 -53 44 67 -31 -87 -90 50 1 80 33 -94 -87 -98 -7 25 30 -26 -69 -93 
12 -2 -70 19 49 19 7 -13 -52 -45 -94 91 95 -27 86 50 16 48 -90 72 76 46 -44 -47 -24 -40 -27 -76 -34 -36 -32 50 1 34 -81 -63 52 -45 -54 63 27 -80 36 62 -94 57 15 -79 -61 66 65 77 -7 -6 -50 -69 11 67 37 77 14 -85 30 -80 4 50 21 81 13 -22 -38 -31 -34 -11 1 21 -51 56 95 -71 26 -70 -72 44 -23 14 -87 -22 38 -66 88 -58 43 -84 21 -91 -64 7 59 -51 
12 74 -8 57 -60 -63 44 69 20 88 -67 81 83 -74 -6 -83 -35 -75 90 61 -77 64 -87 -1 -94 -82 -81 -23 -44 57 -62 -5 44 -39 -11 44 -96 67 -45 6 88 -62 -52 87 27 76 -93 0 -58 6 71 45 -26 -39 36 95 -39 0 51 -21 70 19 -28 39 81 -50 -20 -60 -10 12 -65 -76 -91 -85 41 80 16 62 -14 27 70 3 -8 20 -50 -79 67 -93 -47 39 -42 61 -71 -95 89 -67 13 15 75 50 
45 -65 65 13 -57 -74 56 -43 -73 25 34 -36 94 -12 1 -24 -83 -96 95 70 1 -26 -11 72 -37 -75 -35 -47 -32 61 62 46 95 -75 -26 25 37 -58 -80 -88 78 42 -68 69 -66 95 -74 -70 58 -3 -46 -14 4 70 -90 -47 -83 -53 16 72 59 -78 9 -40 -55 -64 -33 9 11 -73 99 -33 -95 -20 38 -36 90 58 72 -7 -64 20 -47 16 -25 -73 95 5 -24 -26 77 30 43 -40 -72 51 -91 50 -37 41 
3 43 80 41 82 -29 58 99 44 68 -39 -24 86 -12 19 -47 -27 -66 -63 95 44 -64 -73 -76 -11 -68 -22 -56 85 14 -41 30 -76 47 -43 81 -63 9 42 -43 -13 49 -77 -17 31 41 23 17 33 -51 -99 54 -65 89 -46 15 -53 59 63 24 15 34 -33 41 3 27 -96 -3 36 84 54 46 -43 52 -97 82 2 -12 -19 -8 -92 87 -66 -61 -93 90 -37 60 -57 -42 -32 41 20 48 -58 41 -88 -4 -27 62 
-68 -84 -94 37 -94 -7 -76 35 73 94 56 24 55 -2 -68 -32 -67 56 34 -85 -16 -91 88 37 -68 -12 -14 -43 35 99 33 -88 18 84 80 -33 95 -87 22 36 -95 -42 -44 21 54 55 64 60 -35 31 65 -73 58 -16 -98 -44 98 -84 80 -55 6 -54 27 8 69 -97 83 31 -97 53 -88 -94 64 39 68 -12 -76 31 -15 26 64 -7 27 73 62 -10 92 96 -21 23 -48 -76 32 -65 48 -88 37 -58 27 -78 
-51 49 -79 27 -34 60 -73 90 62 -40 24 -92 -57 -22 -25 97 75 -8 96 60 75 95 -59 -26 37 2 65 -53 56 38 -96 94 -98 65 -10 -53 -62 5 10 -8 -16 5 -10 -92 22 86 39 -33 -47 -14 93 72 73 50 0 74 56 -59 61 -4 38 -41 51 -98 -60 -6 71 41 -48 55 77 -16 -20 -74 -26 -73 -96 82 -99 -52 -67 30 9 -8 35 -3 26 97 37 -59 33 -24 -61 61 22 -10 89 -75 -3 -18 
-37 -80 -36 -11 52 10 -58 27 34 -76 -20 -64 96 -22 -86 -29 -65 -20 -5 78 39 -77 52 27 29 -29 -20 -32 23 -56 -56 2 32 37 55 20 52 10 -57 33 39 31 -17 -12 38 -53 -42 56 61 33 98 -51 -30 1 8 -8 -40 40 -35 74 -9 65 -98 32 74 -24 79 -6 8 4 36 64 -75 22 24 -8 -1 -85 39 61 -51 -9 5 2 -88 88 -67 3 -44 -51 -31 -22 90 98 74 -36 42 -33 45 -83 
62 69 94 -62 76 -22 -35 61 -70 -76 -1 26 -92 -52 -72 28 -1 -42 70 -42 94 -90 57 41 62 51 10 -14 74 -29 -26 25 1 76 3 98 -10 -29 13 75 97 11 -41 18 98 -6 -39 -21 -61 -88 14 -82 27 -71 -89 -8 -37 57 69 -18 83 74 30 -78 -76 27 57 87 75 7 53 8 -53 -55 -14 4 58 84 -55 -30 89 49 98 38 55 74 22 -83 91 -84 -42 -68 31 30 -4 -98 -90 51 35 -57 
55 21 53 -70 34 84 25 44 -95 34 63 -56 -82 -67 -58 -30 -12 -54 29 -66 -4 -48 -3 -23 -75 52 -6 88 17 -59 59 64 -36 73 -9 5 95 -76 -96 96 -1 55 -17 74 5 -16 -28 -5 -49 3 -81 -75 -65 90 50 24 -52 -50 29 -28 17 84 -69 12 15 91 54 30 -20 81 -74 13 -49 -44 -87 31 45 91 30 22 46 -30 -49 -68 -53 47 62 -62 66 62 -16 -65 58 -65 63 -88 68 -5 -83 29 
-18 -24 -58 75 80 73 76 44 44 3 -97 -75 91 98 70 93 -84 73 -11 18 91 -75 23 55 -64 68 -49 50 29 36 -8 -13 -92 -49 15 -6 -44 4 -25 -25 -12 62 56 5 80 -95 -34 43 -95 9 2 53 78 65 52 42 26 -3 -35 -55 48 -7 41 53 78 83 -46 -89 -11 79 57 -21 -95 12 -97 -74 -12 98 -62 -86 88 30 80 -65 -3 -53 -6 34 82 92 24 73 -76 -25 -28 74 -75 43 47 -6 
-94 22 -83 -91 73 -14 66 -20 99 -81 32 -71 -43 -30 86 -88 61 -43 47 -2 -30 -79 -7 10 -35 -48 37 -77 -75 29 -73 42 9 -46 26 45 84 -81 -82 -42 16 69 -89 -56 -89 -6 27 -4 67 13 92 -6 68 46 14 27 -73 25 -30 36 -64 38 41 83 -16 -78 4 99 36 68 38 78 -84 49 42 -88 -3 61 -12 -33 -81 -36 20 50 70 95 -90 22 10 91 -86 79 59 61 47 -25 93 40 -51 12 
78 29 26 -12 87 17 -86 -54 -28 61 67 91 -29 -16 -66 85 44 87 -84 -76 63 -90 93 80 -20 -47 -48 67 -89 14 -30 -50 5 -15 86 97 -63 64 19 -79 -90 15 -91 -60 85 -86 18 -16 -92 43 77 24 -88 -99 -53 97 -44 -38 36 12 -74 -50 57 -87 -12 -15 -92 45 45 9 -62 76 -6 67 -97 -92 -25 54 2 -75 22 41 -76 -89 95 13 -80 17 30 -65 65 85 71 -56 81 -7 -21 -60 -12 33 
-26 -65 -11 13 53 29 53 88 -71 -31 93 -17 -3 23 -74 -1 -3 -72 74 21 -46 -86 81 -72 -8 27 -79 -85 41 25 -27 -42 -68 50 43 -38 -34 -92 -93 68 16 -48 -20 64 -48 62 34 68 49 -13 20 -13 -74 67 5 74 -18 89 70 95 21 9 -11 14 -29 96 44 49 -16 -30 -42 64 18 23 27 33 52 25 -51 -73 -7 -71 41 25 -9 30 -30 91 44 84 -30 -15 -62 -75 37 91 -8 75 84 -37 
11 16 48 -8 28 69 83 -13 44 -25 -89 76 18 -47 38 1 40 98 -11 -27 30 94 5 -8 -71 -66 -65 39 5 52 72 -47 -9 -96 28 -8 54 38 5 50 54 -28 42 51 25 -77 -78 -48 8 95 21 75 35 65 38 24 -92 -75 43 -59 -65 -46 -10 -30 51 89 97 36 81 -61 63 44 -82 -63 13 -53 94 95 15 69 -55 42 -28 -81 0 4 83 84 -98 51 5 -96 84 -95 -97 52 30 -39 -66 -75 
7 -91 7 -48 51 55 -97 -45 21 61 54 44 11 -43 -42 -15 -86 -19 93 2 49 -4 -62 69 70 -44 83 75 76 30 -40 87 -24 17 67 -80 -83 38 -61 -38 -92 -65 -75 64 -53 50 -91 -81 10 -5 -94 -28 2 -95 44 5 87 89 23 -62 -77 7 11 -82 44 -72 18 -78 -43 63 -41 17 40 -35 -82 78 5 -4 98 58 -32 -91 -33 83 -8 -85 67 -91 44 83 -45 -27 77 66 70 -31 -19 34 -86 97 
58 36 -51 -67 15 -8 -58 -69 -48 -65 17 42 45 -86 5 -77 -38 32 98 5 -42 -22 -73 4 -40 42 -1 92 -65 -9 -46 -54 85 -10 39 -49 10 -79 -16 96 -3 64 31 67 -52 -5 92 -30 -32 -13 -91 85 -36 -59 -70 20 40 32 3 -98 -34 51 85 62 -46 20 -27 7 -87 51 -24 11 -1 -86 -79 95 25 3 -85 4 -87 42 13 35 -94 -62 37 -92 96 -70 -33 -29 -20 60 65 -60 20 22 -93 2 
-9 13 -5 -59 59 -59 -56 49 -60 49 -30 30 9 -12 9 -33 -59 -4 -66 -88 23 91 -75 39 -4 -71 -2 -35 86 -51 73 65 92 98 -66 47 60 -66 39 16 -66 -91 -98 -49 -16 -58 35 -42 -61 6 48 42 90 3 52 8 -52 95 67 88 71 84 55 19 -90 -4 -40 -79 -3 75 -44 -89 28 82 99 29 -56 21 -21 -85 18 -80 24 -61 15 12 75 -61 -56 -71 68 89 3 -23 -88 -80 48 -12 56 -19 
-24 78 -8 -56 -43 7 97 29 -26 -62 74 -29 70 19 -84 68 28 -72 -6 -8 75 -74 10 -90 -43 35 49 -85 92 -45 19 11 83 50 -78 21 -34 -25 -86 -63 5 -3 -34 -43 -94 -85 -9 -7 5 -43 24 21 75 -21 -86 -81 -81 -3 -48 -83 7 39 53 22 -14 28 1 15 13 77 -95 -92 15 -96 -88 68 -89 13 64 -24 1 -32 -74 44 61 -89 -56 -81 -77 -3 49 -66 0 -23 -86 55 -8 47 -38 -46 
36 1 -89 -13 -42 -45 -19 -73 -18 -18 -38 -97 -84 91 -58 -26 60 73 81 5 46 -35 -80 -63 -71 -30 -35 -86 -6 67 19 -31 20 96 -81 -14 -30 -87 -75 49 -66 89 54 92 -36 -76 -12 86 -56 -54 52 -31 82 27 85 -75 92 81 52 -38 -5 -19 -3 80 -74 -92 -73 11 31 1 -29 -81 88 60 -74 -42 -63 -17 65 -47 -34 73 -10 32 -65 39 80 -72 -26 35 -33 63 41 -57 1 -57 30 -90 10 -1 
-97 40 93 -24 -48 -46 -26 8 73 -74 50 41 -42 -8 -84 -23 85 50 -14 1 96 87 43 -25 30 -98 81 -95 -14 40 -74 -20 -10 -23 -54 29 3 -47 75 51 57 62 99 46 -5 -93 56 83 -69 -92 28 33 -98 87 -34 -51 -32 70 33 -56 -38 95 -24 -52 79 90 -70 46 -93 -93 -16 -14 19 -93 49 94 3 78 53 60 -21 -12 -21 8 -61 -52 94 68 -94 -9 -65 -67 35 -60 75 -74 66 55 54 -43 
36 59 2 9 -66 29 15 8 16 34 94 44 -16 62 91 69 73 -22 4 44 -56 65 71 -91 -67 30 -50 -34 95 -60 -55 54 11 -16 42 -52 -43 -1 56 -30 -83 30 -86 2 -56 -34 95 -7 80 82 -52 18 92 95 77 2 -41 -46 -58 82 24 -56 -27 -71 97 -15 30 -76 -45 46 48 61 31 -15 56 -68 -94 -73 -66 49 -18 28 -76 26 -56 10 -66 -91 -3 92 0 -79 -49 -71 -81 -1 73 -42 38 -44 
-25 66 -58 -11 -1 -55 -53 -12 93 39 95 3 -21 -22 -57 1 65 -66 32 84 -91 26 90 18 92 -51 47 44 96 65 84 -45 -90 81 36 26 41 86 -43 95 -21 -8 17 50 -13 23 98 -30 6 53 42 16 4 -73 57 -53 41 -72 -36 75 -29 62 -68 -67 97 -23 -24 -60 -47 48 -64 67 -56 66 -56 83 31 -14 90 -9 27 85 -16 -49 -96 -99 -44 -32 38 -21 -43 65 11 36 -44 61 -12 -34 -49 -8 
-86 -1 13 -46 -49 -54 69 22 50 82 -97 18 -96 76 84 36 -60 45 -11 -23 33 14 -8 -51 45 -65 13 74 79 61 -37 -57 80 -30 -3 -40 -58 38 0 15 29 60 -70 33 53 67 -13 41 94 -78 37 31 24 -60 47 -45 83 35 37 -64 -86 66 28 -20 -79 -15 42 -76 36 15 86 -24 -2 60 45 47 76 -37 -54 -28 57 -43 61 15 -78 59 -18 -54 44 10 -92 37 11 -16 -93 -13 -51 2 -20 47 
-65 10 28 45 -34 -47 3 -32 82 61 29 -7 -33 -31 -99 42 15 71 64 11 25 63 -81 -64 -60 78 -28 77 -7 -94 -75 -43 48 21 -68 -8 -11 -59 34 -68 -36 -8 -85 31 6 -92 -59 58 39 71 -21 0 -26 -8 -93 -51 -19 -55 -56 61 -6 -92 67 -20 36 -25 -11 85 35 18 -82 -95 -13 48 31 -89 72 -81 -21 -97 -24 15 20 -71 79 -75 -75 89 -8 -30 86 -91 69 20 13 -63 -64 -10 0 85 
-82 -88 -22 81 70 48 13 84 -27 9 93 -23 -82 -77 30 39 46 -16 -31 67 11 -58 12 -46 51 47 44 11 95 -80 -21 -82 -36 74 16 19 -27 11 -20 -99 30 -18 39 45 70 -55 -73 71 22 88 -19 -46 57 39 -56 92 -50 58 -10 15 45 9 86 1 78 25 -17 39 36 -53 -74 -64 -56 -29 -80 -31 85 89 -87 61 70 21 -82 51 -7 -92 50 52 -44 -17 -42 56 -40 -96 27 -80 -54 75 39 22 
45 -68 62 66 -74 -95 48 -94 62 33 -69 -62 98 25 -54 89 -73 51 -87 53 -96 -53 -63 7 -73 38 -80 85 29 0 -41 13 33 -31 -58 -75 34 -93 -47 37 76 43 72 60 59 6 45 27 -52 -92 59 12 8 74 59 -32 10 49 -38 6 -26 -94 -71 -46 12 -8 -1 -21 42 -37 -28 -17 -83 -79 -24 87 -49 69 -57 55 -12 -29 -36 9 64 -51 5 -67 -9 -34 30 -48 -66 24 80 -53 -30 -3 -53 -78 
32 -8 -9 -83 -47 -8 22 -30 19 -23 -23 -78 -36 5 45 -46 -88 17 64 -71 -40 81 -54 23 -91 -80 -41 -9 -56 -26 -22 -55 66 36 -24 45 -2 48 75 20 -44 -42 -35 75 98 98 68 -82 -97 -10 10 8 -78 -49 -55 15 81 -50 -78 -84 -50 45 95 0 -78 5 -97 71 46 9 74 50 96 -99 -64 -7 65 -64 77 -66 -98 39 90 56 -75 57 8 84 -56 3 71 -89 -18 -6 -15 -65 17 -65 28 60 
69 -10 -26 32 -43 93 -65 44 47 -69 -70 0 85 -67 -31 -16 65 -52 -72 20 34 30 -9 61 -54 -2 10 -38 -46 -75 86 -94 87 -32 -59 -33 99 16 15 99 9 -38 27 73 -55 35 -80 -65 -48 32 -89 -30 -61 -90 -58 85 64 -34 9 54 45 -63 92 -70 96 -15 -48 -48 -69 78 45 -12 23 -31 52 10 82 -95 30 -54 36 -18 -92 -19 20 -83 -4 -6 65 -65 -26 81 -19 62 74 84 -58 -57 0 -19 
-27 -43 -95 -32 -52 18 -34 -39 78 -35 -64 82 88 -68 -51 59 22 56 -24 93 63 -61 -29 8 36 -13 5 85 44 -59 87 77 -11 51 21 -70 -50 41 6 -29 27 -33 12 -24 50 -55 -55 43 64 63 -21 -11 80 73 -55 29 -10 60 69 -56 6 -58 97 24 -74 93 31 -75 -26 34 -38 -83 3 -9 -13 -50 -84 -54 18 -68 51 65 50 -88 52 95 55 -32 74 -38 -69 31 74 -34 -7 -29 40 -54 -14 -35 
82 50 96 -31 -10 -19 -3 -41 53 57 37 21 -5 -10 -19 -77 -37 -39 74 11 30 99 -65 82 77 35 80 26 36 -70 84 -39 -23 76 87 -3 -46 7 58 -80 80 63 -51 -97 21 23 -93 -21 -95 -49 -15 -94 -86 75 -97 65 -46 98 80 -4 -5 32 -66 50 75 25 -42 29 38 7 0 -87 60 78 -21 -71 -96 81 -24 2 85 -54 -82 96 -45 -44 -62 -30 21 -99 -7 -17 47 34 23 69 43 -57 79 56 
33 42 -1 -89 32 76 34 -50 59 13 84 74 92 87 13 -9 36 69 86 -45 45 -20 29 -16 31 -19 52 79 55 67 -36 -97 -26 -93 40 -13 18 96 -34 -88 19 -8 6 -28 -44 -89 28 92 82 73 -55 -61 35 9 14 -42 -98 -89 -62 42 64 99 -59 17 -57 56 -9 -26 84 -92 38 -12 25 -76 -6 38 -46 -48 61 -68 -69 89 -16 -63 -86 -16 -15 -38 -9 -7 69 -54 74 72 -50 12 66 75 -68 1 
-57 -61 -6 -83 -33 -92 -86 -92 77 5 -40 -63 -2 32 -43 -75 -83 -98 56 -52 10 -6 -80 73 -70 -54 -56 65 -16 -55 -48 -40 18 81 56 -3 46 -26 -90 47 29 62 -85 -36 13 14 -39 -24 -76 18 -41 -38 51 72 41 -61 -76 8 21 -85 -84 -93 -42 -29 -85 92 -74 23 41 -53 5 17 91 43 -67 -33 19 -58 38 59 62 -15 32 82 -16 54 62 -46 -72 12 -42 -8 59 1 -68 -81 14 55 -17 -45 
-19 -84 37 -57 -8 -1 95 61 36 -80 -85 -26 39 -79 30 -52 -77 -43 27 87 59 -94 79 29 -75 62 -64 -84 -53 49 -44 -88 2 96 -78 -22 -29 -26 -99 -77 64 47 -76 79 71 1 53 92 31 -72 -11 76 14 98 -12 -16 -63 -78 45 -97 -13 18 48 -23 90 36 -79 -30 -20 11 -10 60 17 18 -52 32 24 67 -55 -52 -84 46 17 83 3 64 -36 -21 -38 70 14 -17 -79 33 13 62 -57 -57 -26 64 
-47 79 19 8 53 -8 79 50 73 -44 98 -93 96 -15 -75 -99 13 70 -30 -36 -16 -1 -56 -40 -16 28 -52 42 35 88 -33 -31 0 -52 -13 66 -24 -78 -41 50 43 -35 -17 -7 -61 -54 4 17 -55 -85 45 -15 96 -8 11 60 52 66 -39 21 -43 -61 66 -47 12 -90 -26 94 -29 89 -29 -25 1 -77 80 56 56 -6 94 85 12 -8 -25 -14 -95 -71 -57 76 -14 -59 42 65 75 91 50 -18 -9 57 71 -16 
-68 -93 -19 -3 61 -80 -45 45 -29 56 -88 -16 74 89 -41 69 -71 -46 -58 96 -45 -93 -6 -64 4 4 43 -81 -13 11 52 -13 68 -18 -68 -15 50 -90 -21 -63 54 57 54 89 36 62 74 -96 -66 71 92 36 -92 81 28 25 70 -68 -85 53 26 -12 -34 -81 -32 -81 -86 -95 42 -27 -60 3 55 -84 -2 -59 -86 -45 77 -80 61 18 -44 -90 -91 -21 -92 85 -21 -76 -55 -28 50 0 76 -42 64 48 95 -50 
20 55 38 -54 -32 -54 -35 -94 -95 -53 70 -25 -29 56 -90 24 -69 -26 2 -32 81 -38 97 23 -22 -11 -76 43 -96 -98 -9 -57 17 -35 84 95 -33 -73 56 -86 -81 -57 -30 -43 -37 -21 -62 50 -72 -94 97 -50 -25 19 -53 54 -25 92 -3 78 -55 67 -6 69 41 -98 -30 12 -60 -37 50 -74 43 44 -31 -81 53 -24 -24 88 -98 -59 -8 73 -33 2 76 69 -81 -90 -69 60 90 66 -21 78 -51 1 0 -48 
-49 90 9 63 -54 83 74 71 -97 -35 36 3 95 -89 94 9 -49 9 88 -25 67 -97 -95 -47 26 15 95 12 -24 56 21 -67 46 76 68 -56 -60 -46 -95 -75 -51 -7 -58 82 1 39 26 -77 56 4 -7 34 54 -3 -23 76 81 -42 43 10 70 -10 -35 69 50 78 48 -52 -82 -55 93 82 14 -96 0 -15 90 17 90 -56 -66 12 -53 9 32 -20 19 -14 -37 4 65 -90 -41 57 37 -28 -34 56 -89 -49 
83 -59 18 48 92 1 -8 -76 12 -6 1 -38 74 -78 53 91 58 34 47 63 -40 -12 83 -91 -54 -94 -7 79 -91 -40 32 -8 -43 23 -66 14 -35 55 -86 79 -5 50 17 -34 85 15 -38 34 42 -60 92 -15 6 11 -31 98 -82 -20 -3 -74 41 -61 68 72 31 3 -89 -57 -13 96 -26 -6 -85 61 -54 -29 15 40 -66 85 3 -62 -4 -9 12 -32 1 -61 5 -79 28 75 36 70 19 89 -15 20 -36 20 
27 82 -74 -29 -44 32 70 -43 -36 5 -90 -76 71 -69 -53 19 -61 15 7 -21 -14 97 12 -77 15 94 32 -32 -61 -59 -14 -3 -66 37 71 -54 88 97 88 -70 -60 47 41 -9 93 86 11 32 -77 -92 27 2 14 -57 -49 90 9 -53 -66 65 59 -36 87 -12 66 46 54 78 -78 54 -89 -5 -3 99 29 88 91 35 69 94 -51 -6 -86 -49 26 83 -72 -38 31 -41 -39 31 94 -49 -16 67 -33 -12 67 29 
-18 27 -8 84 -27 94 -15 -82 -64 -1 13 26 -88 19 -70 66 2 11 -94 19 71 -9 -99 79 -97 89 -58 73 19 73 -85 -49 -27 72 1 94 -53 -46 -35 -61 75 1 80 81 20 -9 -47 83 -30 -55 -9 38 -32 -33 80 53 55 99 39 74 -78 40 79 29 -90 -25 -48 16 -90 1 39 41 -62 -77 -78 9 -5 46 74 99 1 -98 -95 25 1 6 -89 -42 -96 -39 -34 -35 20 -41 56 7 -10 -21 70 69 
-97 20 89 -53 -4 -23 66 -13 4 -82 -73 -24 -52 23 -86 82 -99 89 -53 27 -89 52 90 -61 35 25 22 -5 53 -71 -4 -95 -56 55 12 -62 37 -28 58 87 59 -66 27 1 -91 -80 -38 -60 -94 -71 89 -75 51 -56 -71 83 4 -36 96 -70 54 -4 47 65 28 82 -21 -75 26 -87 -17 14 -47 -48 -98 29 25 -75 7 23 39 30 52 -55 16 73 74 -83 73 -99 -53 -87 -73 14 21 -5 -66 7 44 49 
-93 -69 76 -34 56 -39 -45 -60 -45 -94 -46 -10 97 28 -39 8 -63 71 1 -15 39 17 50 4 -85 -52 -5 96 -51 -70 72 80 -62 -44 -17 -30 -14 73 -59 -89 -1 55 -16 -8 -72 -44 22 -67 60 -36 -71 -3 -60 29 -98 -35 43 88 -10 69 75 -54 77 18 20 -20 -36 -51 -61 -63 24 82 39 33 -39 75 -47 -25 -16 98 79 -26 20 24 -4 46 -64 -19 -16 57 41 -92 92 -53 14 90 -30 -77 -46 56 
-45 -75 -85 89 -66 -42 -43 -81 -23 -93 79 49 0 -13 56 33 -63 39 71 69 -81 73 -70 38 93 -45 -13 -46 48 -32 40 7 -77 74 68 -70 -9 11 -72 92 -85 -30 17 -44 -61 -49 -42 21 74 44 -97 76 10 -50 -84 -19 83 53 44 -38 95 94 50 80 43 18 20 97 -39 36 -95 -1 62 48 -15 20 -8 -57 61 80 -36 92 37 10 -1 28 70 84 -18 -77 -19 31 -68 -56 -40 48 29 -83 -14 49 
-91 76 0 2 93 18 50 -61 35 -99 -17 -1 76 8 32 -24 7 -85 79 -72 18 36 4 -93 22 -46 91 -86 -95 -70 58 3 10 -33 6 96 -71 -47 -39 -95 -76 29 82 60 58 14 -81 -27 -66 75 -92 52 1 66 -66 -39 76 24 43 42 8 -57 11 8 22 6 -9 -30 65 -79 9 -60 92 56 66 45 70 -3 -58 -36 -9 41 63 -37 54 14 -65 65 -14 -84 30 -39 -76 -94 -37 73 -53 23 39 8 
-15 54 -33 96 -46 44 54 29 -79 -98 28 73 -96 5 69 -9 78 -59 -80 -16 -45 -78 78 93 -54 -36 44 -26 31 -93 -87 -42 9 14 84 -14 33 -84 45 -83 -73 72 48 -77 -92 -45 -72 32 -46 40 78 -86 -37 -4 24 -39 85 57 -68 -89 34 10 51 63 42 57 27 -80 -31 54 -83 -92 53 -19 -48 -38 -46 -58 -15 12 73 98 -52 -55 39 -46 52 -91 -6 56 -17 -85 31 16 42 -70 -99 -96 -64 -98 
-87 43 -41 32 45 96 34 -62 -28 78 69 82 76 34 -57 -71 -9 9 24 -17 -26 94 32 -19 -61 3 -46 -7 -89 65 32 34 -74 59 73 83 -41 81 70 24 2 8 -49 -39 -20 -41 26 17 3 -30 84 57 -29 -99 62 64 -12 -89 61 49 -85 54 85 -20 -13 72 -91 15 28 -71 -83 -40 -2 36 82 60 -84 -84 36 52 -25 -94 52 -98 -24 63 -69 18 -77 75 58 58 0 -88 75 32 -85 -78 -74 78 
4 -37 -96 -23 27 63 -5 20 -8 -59 28 -23 -82 -51 -37 -87 94 -29 -86 -77 -1 29 -19 11 31 73 -6 -20 -88 -31 -67 -46 11 99 -89 72 67 -15 -35 -88 97 69 -67 26 89 97 -71 -80 76 74 -39 89 51 -32 77 -74 -13 -31 -20 -27 90 -91 -53 -51 25 -79 -36 -62 10 -38 13 -32 -33 64 -37 1 -75 9 8 46 -16 -51 -95 -74 -39 -53 12 47 -41 27 -82 -73 78 30 2 -64 62 -65 -33 -40 
-72 81 -24 51 49 83 74 60 -27 4 6 -89 -73 -29 55 64 -11 -47 -9 55 82 71 -29 49 11 85 73 15 -10 -84 36 -43 -66 28 34 -81 -98 83 -28 63 27 -2 73 -38 58 -89 -65 38 -27 -31 -98 -78 73 -79 -18 47 7 88 85 -17 -83 97 -30 -92 -8 82 47 90 65 -55 -30 97 -69 -29 41 11 45 -1 79 -58 -1 -28 43 -20 29 56 73 -80 -37 50 -25 -2 1 -90 -95 86 -23 53 -45 -82 
-78 81 -5 9 -99 97 -51 98 68 -66 -96 -37 -2 -63 -72 -5 87 88 45 -34 88 -90 89 -83 43 -87 -1 -69 9 -54 -92 -88 -95 -30 -75 12 70 16 -82 93 18 70 34 -10 -52 -34 -52 93 37 -41 45 44 37 -64 -10 -45 26 62 84 -25 -78 27 -64 79 -46 14 -90 -54 -51 24 17 28 32 96 44 68 1 24 -29 98 42 -65 32 43 -88 -8 49 92 -23 -23 -59 -85 60 94 -50 59 -72 80 -83 -52 
96 -48 -74 95 -38 28 -15 9 97 73 15 -72 50 82 -89 -53 56 -60 -78 71 -98 69 92 8 16 7 72 -17 58 33 -77 -84 46 -41 68 -12 36 10 -10 -81 -53 70 -91 -4 49 62 0 36 65 -32 70 64 52 18 10 10 26 20 -28 -53 94 -71 51 -87 -84 -70 17 89 63 50 -66 -66 -87 -30 92 12 12 63 95 21 43 61 -92 71 -5 26 43 -30 40 50 62 9 95 90 -92 94 64 17 89 83 
32 18 -27 84 66 51 -47 -83 86 72 7 -93 -60 69 -78 -78 72 96 -43 -32 54 77 35 -77 99 34 -27 -16 33 31 81 -52 41 -19 77 -35 58 -6 91 77 0 -61 23 -73 19 -99 84 -58 8 92 56 45 42 13 -68 -62 -75 73 -59 -7 8 -86 1 87 -29 0 -38 -69 -11 72 -82 24 -6 37 -21 -54 -10 -72 -25 -47 -29 74 -3 6 91 26 -64 65 -99 -16 53 35 88 -63 -62 -60 -54 -66 85 -31 
0 87 -76 -82 89 9 53 -11 75 -13 -77 5 43 -37 -87 -50 -64 19 -88 14 6 2 96 -81 -47 32 57 -30 5 33 -79 26 -53 -26 -53 -52 84 24 40 -88 7 -24 67 -22 84 -55 81 74 -46 87 69 -11 -72 29 -64 -55 -77 -70 -60 -61 30 16 -46 -52 0 58 -98 -1 24 -87 76 66 99 -12 94 -85 68 -67 -4 2 36 -74 97 87 67 28 -18 -86 -31 -46 -89 -97 19 -71 -50 72 -28 -70 -14 -15 
1 37 -19 32 -21 46 -97 -47 13 -96 92 -10 54 87 -36 38 6 -42 -6 -79 -93 91 -25 15 -54 -57 85 -31 -77 -23 72 -83 -50 18 -17 85 48 -98 2 -73 -81 -37 88 -13 57 56 -83 1 -97 38 73 22 -69 -73 16 -8 32 30 -50 -98 93 -19 -18 99 -80 77 -6 -68 28 -31 -15 33 94 -54 -20 -29 -59 -19 -51 95 -38 87 -63 -95 13 -29 -3 -24 11 90 -55 -34 33 53 13 1 7 -38 66 38 
78 -74 -82 -37 -36 -52 -25 19 -87 69 66 70 36 -15 -89 84 43 0 27 -58 -70 -49 19 -51 10 -99 78 -80 18 16 70 36 -56 44 16 -94 -71 63 -39 -97 94 60 -47 39 89 -60 71 -93 -50 50 94 -42 -55 35 -67 72 -3 26 -30 48 -59 -20 84 -15 78 -72 -90 -54 -29 -85 -96 85 51 20 -92 -58 63 88 36 11 -21 22 -67 -10 62 99 -8 -84 -48 -4 23 76 73 -77 -66 -28 -84 -29 37 -72 
-16 -79 -16 -1 -3 14 39 82 -51 32 40 2 -46 -55 20 32 -69 -42 -84 23 76 -96 -12 55 -40 42 59 -18 -63 36 -83 -6 -91 26 -74 36 -78 34 70 62 -88 -32 -8 -21 -56 -24 50 41 -18 -44 -32 -32 17 -93 93 66 -72 0 -88 30 -66 -86 15 -15 -70 43 -67 81 -71 1 -64 -92 -32 -47 17 -65 -68 70 -6 4 23 -99 26 -47 3 -42 -85 -48 10 51 85 -42 77 -13 -57 98 12 -91 88 54 
34 -34 -18 -56 40 -90 51 27 78 43 -97 68 42 -70 -20 74 -95 -59 -31 -81 -41 -83 -8 -29 -13 -95 -77 -33 -32 26 -43 -34 -30 -24 -95 -8 -96 21 -22 44 -76 41 -94 13 5 43 64 -73 -91 -2 -73 -65 -33 43 53 -95 -10 -89 57 47 50 58 44 -9 -26 74 73 33 -91 -1 23 -65 -79 72 10 -90 -73 34 -73 2 -23 71 -4 -68 76 10 -32 -45 -3 42 63 94 98 -68 72 -65 2 31 74 82 
-80 21 95 75 35 -60 -94 -4 -70 94 29 16 55 -37 3 1 40 -78 53 80 -37 71 66 27 -8 -32 41 -35 -13 -50 -94 -21 45 -76 -18 -58 77 -88 -41 69 -79 11 42 -82 0 6 -81 0 -75 81 98 -62 -45 -40 73 -10 -8 -47 30 75 -26 -10 -24 -73 -26 74 -53 36 37 -17 -50 -41 -85 -32 53 18 43 -7 -76 -53 -26 -78 -23 11 19 69 38 -39 5 -67 -69 -41 -13 -85 -26 -41 -25 -97 2 25 
20 77 71 52 -24 74 93 56 -64 -16 -50 21 -53 2 40 -52 -85 -45 57 75 -83 18 -87 69 98 76 -64 -62 -39 33 -94 69 -94 50 60 -28 12 40 -61 -64 -64 96 68 -32 -88 80 -82 23 -86 -97 -22 -97 58 -19 -40 90 89 -39 -25 87 92 87 92 -39 -43 84 0 -35 -88 -32 -86 -81 -49 -86 34 26 -81 -25 52 76 -66 59 -13 -28 7 -10 69 -65 -76 -87 -49 -6 -25 -50 -54 52 78 92 54 -25 
-59 -44 17 34 -68 12 14 -71 63 99 98 -91 -62 36 22 -91 -14 74 -19 -56 -59 76 70 10 -8 -33 -6 -75 25 -85 -68 -90 -55 34 67 -61 75 34 -15 -24 85 67 -75 -50 68 39 31 -98 -2 -72 50 89 63 -76 84 44 -92 78 -90 -75 60 -76 21 38 18 93 -44 50 -40 81 7 26 39 17 77 60 -87 69 41 99 -42 38 42 37 -10 54 -44 41 -68 90 -85 -41 97 84 -78 -73 -36 -46 55 83 
-60 53 -52 36 -43 84 -17 61 39 -7 -39 17 25 93 -62 -49 -66 -66 62 -31 -13 -62 39 30 26 92 -19 -31 -36 -36 85 -17 84 45 92 56 -84 1 -53 69 61 68 -92 -69 -58 37 -5 21 18 -48 -73 -40 40 -52 -4 38 -85 -92 23 -13 -17 3 -88 54 43 12 2 -31 -25 94 85 -98 -95 -47 80 76 91 -52 82 3 80 31 -50 -22 -94 -86 -91 -88 -53 -51 -46 -31 29 -55 -58 99 40 -91 50 15 
-96 21 -70 -3 73 -36 23 -10 -94 -37 86 -54 -62 23 13 14 -23 89 -21 74 82 34 90 -70 24 -7 67 19 15 16 -42 70 -15 -99 24 97 -14 83 27 -34 -3 85 -98 62 -81 -25 -59 21 25 -7 91 -88 -5 40 -39 45 -67 13 56 -64 20 -53 59 -33 -54 -86 -80 -99 38 21 59 65 86 -21 -31 -4 -68 60 41 49 1 69 6 -27 -61 -88 43 58 -30 1 90 -56 -46 -93 -36 -96 -38 -28 -78 -59 
72 -49 -95 41 -56 -31 9 81 62 53 31 -23 36 27 30 -28 78 50 23 2 60 82 -37 91 25 33 -36 41 -80 49 74 -92 -89 40 87 -54 51 -89 23 87 46 -79 42 -87 -92 39 84 -21 -42 56 69 78 40 41 14 -70 89 -10 96 -99 84 -87 -29 -76 -46 -79 16 58 67 -76 -43 9 60 26 17 -73 -30 -61 34 34 -99 58 -39 -88 -70 -72 -72 -32 -82 -26 -56 -98 -98 -4 83 74 -18 85 43 20 
-98 -12 35 6 -70 -6 -21 -16 -43 -46 -44 2 -56 -84 -43 -38 -78 55 -63 -55 -78 41 -31 23 -71 58 30 -59 -47 90 66 36 -96 13 27 -68 -74 48 93 -52 -17 -22 -57 -24 -96 -51 -6 -87 -75 -3 -49 -36 29 -89 -88 -56 -97 -9 -26 -70 6 88 64 9 -60 -95 -82 -64 30 5 -56 -91 8 31 -38 81 -28 -60 -42 79 95 -78 25 -43 -54 -34 -7 -32 -62 77 23 -51 -74 -40 -40 -68 -13 97 -97 65 
6 11 -77 55 -30 65 64 72 -75 3 77 74 -33 64 97 16 -42 50 -21 -35 -2 -64 -98 -69 7 -18 -45 -99 67 22 -10 61 -6 -57 -31 2 -79 25 -89 -4 -20 -22 61 4 50 -14 -86 65 -4 5 47 98 89 -25 -57 41 -6 27 -67 -99 52 -29 67 27 -84 4 33 62 24 -80 -26 -68 69 36 97 4 -94 43 -98 -10 -98 -1 -75 -38 -67 68 26 5 -59 97 53 83 -79 -99 -32 -36 70 -69 15 43 
90 20 -57 -79 -27 76 -14 40 3 57 -99 -28 99 65 12 45 93 85 -21 44 -51 58 -44 95 -31 95 -63 35 70 -81 -44 -18 -27 -5 -19 97 46 -3 8 39 -6 -88 -36 88 -10 -35 -6 -2 -83 24 -95 9 29 -98 27 79 67 -97 99 31 39 93 -22 12 -25 -29 0 30 91 86 54 92 -93 82 86 45 88 -79 32 -96 59 -54 -76 -17 -23 18 0 -60 4 -1 61 40 16 -89 83 94 -23 76 -75 -87 
26 34 -36 -81 16 46 14 43 22 21 34 69 25 -94 30 71 -37 -8 16 -56 76 -78 37 45 16 87 19 21 36 31 90 -32 9 -12 -14 -67 44 71 -96 -17 -71 12 -80 -30 30 24 -32 -50 3 -61 -98 54 -39 74 -9 -74 -32 5 13 -53 -72 -49 -19 -16 -85 29 -16 -21 -42 -40 -11 -76 62 -93 89 -27 -63 16 -41 49 -37 -33 91 -3 -85 -13 95 -9 -86 -29 -30 51 67 17 89 -23 63 97 35 65 
-97 -30 -14 -45 50 -87 -46 9 -82 -75 -95 -96 83 -81 99 60 40 -14 7 44 -60 -41 73 -49 -13 -62 57 56 86 -68 91 27 5 -39 -45 -70 -27 97 -61 -94 -72 -8 -17 3 -14 93 54 28 19 59 58 52 -19 -66 56 -50 -5 17 71 -35 61 -3 -12 -4 -99 -12 -33 62 -48 62 80 -16 31 -16 -76 -63 -61 -76 29 -19 -88 57 61 11 80 -6 -72 -13 -85 -44 63 -62 -21 -43 -95 -66 7 30 -25 -70 
-46 67 27 63 75 -65 -5 -76 -78 -31 -89 26 90 -36 41 12 64 31 -91 28 79 50 -88 -91 75 2 -33 -36 -11 3 77 4 -5 35 -89 -76 14 -62 -50 76 27 -14 63 36 -25 -46 36 -22 3 -64 -97 3 3 -74 -94 -95 98 53 -22 -96 85 -55 -15 55 1 -46 2 -90 -12 -50 83 5 -7 59 -3 -88 31 0 -38 -76 78 -10 -43 68 -86 3 16 50 -89 93 90 -62 -14 93 20 -51 79 72 -76 -8 
-23 -78 41 14 3 3 36 48 -32 68 14 95 55 74 -5 10 81 99 25 31 18 -97 -66 9 24 14 -16 43 -19 -33 -25 41 11 70 9 -27 21 95 50 72 76 -9 2 -97 72 -68 -40 48 91 -39 61 -35 -92 -12 81 -41 -22 4 91 63 -30 79 66 20 30 6 -76 -24 -77 8 54 -94 25 -72 79 -18 -81 -33 68 24 41 63 64 -5 -22 -13 -77 54 73 19 -29 93 -44 -87 -10 -12 21 -65 -70 -48 
30 -56 9 97 -72 -32 78 -66 92 47 83 15 6 78 -78 -37 5 67 -8 -70 -18 79 -72 -18 29 31 -51 36 83 59 53 -79 -24 -33 87 96 -54 61 -20 -14 74 -30 -84 -9 -24 -62 -2 71 81 -11 -32 -22 21 68 14 7 -9 -3 27 80 28 45 2 2 -25 3 76 -24 -46 89 41 67 -80 -73 -45 -50 -15 40 -61 85 -57 -21 -57 -43 85 -69 93 73 89 -33 -81 70 46 -47 24 -59 85 -24 -93 -25 
68 -70 -66 -6 -64 -93 -65 -12 -20 -25 67 68 -30 57 88 -15 -16 74 -88 -17 18 94 -1 47 -25 38 -81 -19 12 71 55 28 55 -14 -59 -46 69 94 -63 98 -45 65 -13 -23 -74 -26 55 78 37 -31 89 35 -85 62 -12 19 96 -45 92 -71 40 70 13 30 -7 60 -43 -43 -82 2 -13 32 80 28 46 -69 83 6 -93 -52 80 14 63 -42 -34 79 84 -47 72 83 -30 17 98 81 84 42 -64 17 -41 -88 
-78 6 57 -26 -25 41 -59 78 94 98 50 65 -9 71 -52 -28 -64 -44 -99 -20 77 -65 -17 43 29 13 48 85 -78 -84 66 89 34 -54 -65 -65 -96 -51 -23 -2 59 -14 -91 3 95 66 -64 64 -99 25 -72 -73 -3 -51 -19 34 55 98 99 8 96 -55 79 -75 -76 -13 13 23 -27 -12 75 98 -12 2 -85 -43 98 -82 34 -17 50 -45 70 -84 -35 95 21 -23 43 -96 -87 91 -77 21 -56 12 34 94 -94 -91 
75 58 -98 81 5 -56 48 89 16 -58 -70 -30 86 -62 -24 99 26 72 43 25 -27 -79 40 -21 -94 -5 -49 -89 -76 94 -33 92 9 57 0 -53 -54 -65 -99 57 44 -16 -15 34 23 33 -25 -10 3 -92 -2 -43 69 40 46 -59 -1 -92 -60 73 -70 6 30 -31 23 9 -6 -11 -41 29 -54 79 26 85 -90 76 53 -40 74 -67 35 -44 -17 -18 6 -53 41 -56 -1 65 25 52 36 -17 78 -37 10 68 -79 -1 
-94 -56 -2 -61 -85 81 29 -38 17 32 -39 32 37 39 -27 7 32 56 84 52 -49 35 -63 -41 -61 -29 37 -72 -91 -14 28 -69 93 57 -45 -22 -23 7 10 50 66 28 -65 -42 -97 -96 -44 -34 -21 -23 42 24 -56 48 -50 68 -24 -21 45 79 35 41 46 98 75 79 -74 -29 60 23 69 65 -2 -76 -92 73 -92 -40 1 -45 -79 49 63 -18 -85 -69 18 19 -62 78 -12 64 89 -89 -85 -84 -83 44 31 -11 
