100
27929 36631 2668 -40286 -17318 18337 -35490 -754 20948 -16964 18717 -24665 35910 62100 -2205 -22318 26593 -47685 66327 -48044 -33423 55088 8740 -30217 55787 -44277 -15370 -25210 49302 33721 51200 18496 -35351 -9999 42831 25330 -22256 42238 7155 27405 9696 -38663 20391 2370 15877 22414 24321 13891 -7193 20716 -13656 8860 49697 -10609 -14506 5203 -4955 -62357 48336 1569 16407 36294 -36761 11536 1446 -40216 45801 21163 1643 -19354 65647 24488 48789 66593 40437 -6563 56594 -39277 19476 -795 2434 10919 19884 13884 -9941 2497 6296 10759 5349 41095 10443 42235 -46317 -6740 -3850 16594 42263 -17325 -2551 -5565 
-18531 17988 12647 612 -58557 6886 -21292 934 -12787 -20091 -51036 -18353 -1325 14929 -48549 -36268 -24144 -33138 38167 -751 -50868 -10584 49014 -18462 -20952 -32587 -18638 -38302 24622 -27627 -31515 -18674 -44247 39092 43733 -2025 -5365 12314 13518 -10714 11634 44617 11666 -19379 15511 -43465 -1153 40796 -39202 -15625 85238 -16368 -12004 40441 -7686 47106 -33318 16524 -11228 -42992 3633 5710 -17485 28633 15585 33587 -14042 -3277 31000 -46805 -38414 -59353 6608 -1315 -49047 39814 -41855 18187 -28121 48210 -13845 43305 -24821 32489 -4869 13252 20960 -15853 -64338 7873 -48100 -43000 -13879 -45859 -28418 -3257 -17785 -48724 44172 -33361 
-39513 -13962 23062 35980 -76236 -32336 23182 68791 -12545 80832 39525 31846 -30715 -10204 -4187 39888 -918 -13144 21957 -6265 50280 -88689 5442 6957 37169 -1610 45197 -39262 29269 -36415 -35093 -54602 -36337 80832 -21459 -5219 -8901 -47687 12320 -48630 18932 46570 -45015 -65839 25455 -13355 -27553 35711 15155 -56908 14233 1284 11531 -1485 9200 3038 603 8991 36905 -16791 5173 -38500 33748 -20604 20489 -5791 7915 21519 -16354 -50001 -10893 -65725 32882 3441 7992 -35402 -78750 27424 29840 44778 -21510 15222 -45542 18065 -26566 8342 46294 46238 -66336 -18599 -3802 38292 9441 19002 -55753 58726 -17068 3747 9586 -2062 
11180 53096 31222 18199 16992 -10996 69767 45242 -882 8989 13663 -15943 -10405 -36704 72686 43603 82748 21313 39528 -41168 18727 33575 -36217 -33177 -18614 -21302 -10905 -43442 47666 -21487 -16754 23611 -26530 44449 -29880 -36578 -16312 3041 -27576 16266 13345 10009 -83 -14389 -43142 -54300 16939 5594 16189 -11035 -25510 22420 15115 45309 377 -17042 20721 50674 58868 33676 -41112 64628 35540 18874 32355 52163 9804 3273 -4991 53749 -6988 -3110 7758 29920 -8679 -8126 -36949 52695 -66519 -18328 28556 18293 -16893 -686 13330 17465 -812 -14483 30717 24017 -43701 -4704 -28828 14368 -28372 -4907 -6511 13311 -5135 22132 
20817 -6298 -30486 17155 1622 43735 43923 22812 -18974 -28053 -34674 4801 27084 -50894 67251 -4140 5865 -15063 73313 20413 18492 -20366 -17688 -5043 47728 33765 18814 -10873 -21282 -22781 4328 -17879 -37712 57872 17566 -35427 -10113 32742 -55465 -6991 -1468 -21561 57308 10693 8569 16193 -40471 -38280 82681 40337 -80141 -44010 20250 6503 -49464 -12355 -1171 -6504 -18615 6496 25668 -36528 25277 35159 96139 9117 42893 -20961 14980 -1638 -10760 12717 -27350 -22749 -24723 19669 35045 2339 51420 -41201 11302 -12161 -40461 35343 64131 -32925 311 4518 -13979 23989 17628 -49954 -25758 -36570 42313 23830 -21647 32397 -40838 -57727 
-14957 35220 -16033 1117 -9242 33449 21504 -65375 5140 -2367 118 34449 -14059 94048 -22744 40023 55673 79106 -63805 -44354 62766 36063 -1258 -7091 -47389 2345 -15347 8730 -23419 25541 71746 7390 58483 -76139 1809 38523 -3936 24845 85054 -12063 2231 -35987 12309 25213 -28622 -71359 17557 6280 -59790 -4570 -27420 41979 23962 -21917 -28019 -19989 48830 16288 22844 -16043 -65373 15517 -9174 15846 -34420 -50785 -23093 -39190 -14422 40829 27765 -6179 13383 6894 -6807 -15981 27099 -5588 -50072 -44497 47240 -22488 45628 -9832 -19779 -6656 757 83919 -13995 6034 13613 15384 -34542 -43318 -18118 26212 12823 30999 -8358 -14756 
-7953 -19749 34143 -12495 272 -15830 -32547 8150 -14594 -29838 -26645 5985 -4669 -28520 -30871 5121 -7342 -36378 -11114 14240 45525 -68553 24696 75046 -17311 -17640 -21292 20722 -41776 14164 -24930 6740 -20343 -3680 -22762 14975 -931 18696 -58006 -10961 63445 73331 -11154 -1581 16425 -20122 -23434 1131 -8086 -32037 7017 -14949 -40592 51764 17902 -6941 -31042 45068 42208 30239 -34512 12582 -40097 -49412 7036 2391 -39600 -26735 -10137 -30304 15487 13864 -17042 1706 -707 17031 -16721 42117 11379 7425 35086 31916 29104 -5719 -44848 11690 39430 -26944 28870 -5673 -45171 -16369 84980 16571 6512 12262 -24885 -15231 -11097 -41863 
-40212 -3882 40887 -37154 51197 -27973 -37811 -11184 -52182 -1597 18944 13459 10264 -6421 32391 42968 36417 -27513 38284 -28460 -51774 -18138 2496 -17007 -44523 -46561 -36979 26090 7996 14536 67082 8485 14739 46598 -31804 -34120 -3531 -25112 -7064 67555 -42794 -72708 -3235 16840 -73155 -22766 33577 -12707 10402 44456 -3447 10479 -56905 -63646 466 -3983 7482 23475 -45327 52083 1609 -8188 69451 4099 -55868 617 -55152 967 10254 -24116 -47964 -15417 33082 2147 -57819 -18151 -22080 -97489 69573 -3684 -45422 45879 -35494 -37832 -11703 -38986 -42084 -115044 21579 3317 27913 17366 7617 -21094 -10007 -56182 -11846 -51876 12711 64350 
-6541 42894 388 -43196 46076 -17836 12499 -8289 59279 30218 11301 -40070 54455 32841 -107674 -7999 71512 61304 -20645 -10783 45452 -7686 72667 -37166 17621 -65801 30213 -34559 -12381 -23879 -204 1121 -41881 -59005 18233 29045 53678 9508 42894 -19178 44619 17212 6497 -48637 -14161 6081 7907 36866 -65722 -31036 87171 -18616 -43333 9529 -18935 -44778 8921 28162 -29082 74144 -27829 -36976 32609 -29450 14740 25533 -61127 1157 -27099 91 50303 28455 11577 26697 15255 31099 -28314 -29673 19530 54519 -13484 5133 27065 40766 -8611 -9349 -38975 16823 -58016 -40015 10034 24446 56872 -3398 -27207 14099 -72392 16488 9418 22890 
-13865 -19237 -43128 3624 81613 22152 20297 28212 -41437 -28689 -2345 -11750 -54057 -47510 -43412 9803 -4348 -44386 2020 -31673 43804 -115846 59602 3054 611 13449 25923 -31227 176 15838 -8849 -3372 -35604 16964 40382 -4278 -7043 -38238 -38855 -88163 -12726 52103 -15016 37100 51379 -5655 -32401 33704 -29764 -22530 11177 -29126 3870 4180 18694 4365 -35813 29137 -43274 -16066 -87005 18396 37461 -30813 -29113 -23329 20034 13903 -2224 -1881 -59304 -7362 16521 33817 -30080 -55986 -19295 79003 785 62492 -7232 -5279 -48674 36675 -6561 13481 27279 33090 -44489 53884 17991 29644 50392 23546 -22503 -16487 40840 38571 -5883 24089 
26599 40200 -19629 9285 -41363 32134 73853 17181 36322 -30202 -5131 8296 63922 27604 -3021 49543 -158 -55585 35237 20089 19482 -39124 -14343 -66346 -5757 -14428 -14293 -7061 -14359 39525 -19322 864 -34912 -43127 11923 -8162 -82328 47397 -62221 -35912 -35144 -5759 -11150 30496 17756 14805 -2667 22351 31313 4134 -60071 -3473 60718 9432 -3231 60315 -31625 -56478 -33842 29767 -93 -30517 32106 378 -28476 -15866 9909 33043 -46605 -3532 6158 7572 -29029 18682 -4689 -40348 67487 36221 -20842 -14360 -35220 46684 -35361 -20535 45013 7644 -45514 27705 30460 13549 49852 65916 -10310 3976 -21931 78755 26062 30814 -3183 -2310 
35325 75064 -15002 47633 7407 5512 14766 26508 -90447 28511 30477 -26290 -49524 11892 -3181 -21999 -29643 -32952 19810 -32683 -6442 70714 -15952 -38099 6006 32241 36270 -28758 14874 32058 42327 57423 -34442 38626 29928 -17291 -20823 8612 -27209 -26870 13587 1553 -8141 -30013 26541 28205 -5260 -35195 -43411 -37060 76447 -22061 26560 -21455 8942 50735 -20228 28733 -15092 -17100 66131 -3043 35065 -5225 -39494 48283 16744 14157 616 14182 -31868 6856 29709 -54143 13189 -46606 -58264 52831 26802 -4099 -9712 -18634 -14509 12723 38582 20873 31915 -32439 -36918 33262 54539 12326 -67734 -9431 -46335 16429 35301 -885 36197 714 
76196 -9925 -59457 41304 30066 79958 -36616 25203 -3297 -4638 -13365 -1867 22408 4504 -9649 -30669 11683 19834 -49282 1948 -8244 -16765 -20598 13935 -23633 48264 19537 12099 -19362 16252 -31592 -18107 -16036 39361 15234 15771 -1738 20846 -31933 -22373 22948 42571 -8622 8385 -15607 -26582 9084 -2792 995 10095 4222 7595 -9514 -23999 18918 2335 -56090 -8183 -15350 -2922 17926 6028 9647 81986 21720 51426 -49133 -15286 -9615 54501 12772 -22681 -22280 -4485 -30366 -2512 -42701 17805 -7497 25810 69244 -10538 -21836 26076 -5405 -14529 -30197 -55669 -31609 49942 37111 18339 43131 9674 -4916 19766 4065 20321 45239 4338 
5150 38292 -20953 -29015 -38592 39629 -4216 -22305 -18178 -28675 -16128 29835 -14002 -64991 -47990 -10106 -13364 64994 -11147 8251 -36423 20890 -55859 15205 -4672 43751 -22509 5962 -19265 43473 -30983 62570 -52181 11949 31919 -22496 -107 32093 -48708 57507 21383 13800 -2638 18226 -8092 -54367 -4588 22893 -23774 4764 -12597 -57511 -13655 -20200 -6399 12740 9901 -11801 -14537 33218 -8862 9226 16925 -14225 -26746 40020 -14180 17240 -18369 -58750 -17023 83373 -35451 4694 -8444 41790 3908 -9619 51260 52170 378 -22034 4507 -15600 62609 -632 -250 -62151 -24499 -7539 27061 -24602 59320 -72871 35439 -54895 38648 6370 -60032 -70983 
-13018 16895 14638 16474 37966 -6471 53848 676 -10604 18863 42022 24732 -36129 -29904 20839 13438 12008 -2826 -36485 2708 57322 8392 -19473 73 -13784 14377 13186 53111 -33482 -30083 27320 31597 -18994 20 -28392 -18191 5075 43146 31736 -28976 5179 51413 -25617 -10403 -8305 -53263 -21902 -68621 28639 7207 -46727 -39890 18685 -22591 -25633 -27034 -70469 -10169 -24497 38603 -13371 12963 41353 -17759 31511 -30824 -19689 -27419 37749 9234 -11210 1750 -36915 37577 -21555 -28074 7066 53528 -24336 22933 50316 17128 16698 -62314 2286 13153 3813 -14680 21381 35033 -4502 77867 369 8245 -87916 72842 -26377 4022 -43977 35826 
7897 -76374 -31510 59982 -10815 -4957 -30338 53525 20699 42420 2466 4228 -22917 -16689 -3475 -3728 8577 3593 3204 -31206 -15032 4742 -48547 67675 17375 22312 -28904 13991 -13402 21325 6059 -19673 -48184 74430 26498 -45595 -40297 -16468 -13443 19580 -2744 -25552 28615 4061 52775 -6896 18338 -25928 -30914 30345 16445 -11675 3148 9206 17876 -14346 31576 -23954 37120 8256 -38146 6968 30135 -13797 45389 -17999 -8746 -19019 12583 15690 -49238 -12631 37495 60275 1933 -34655 11323 19707 -25567 -9324 98274 17330 4379 -8341 33805 8563 5509 19872 5002 46273 2514 -11906 -610 -27052 32921 -37371 861 -43228 -8465 10111 
36783 -40541 -14244 12744 65952 -59560 -22637 33211 46611 53840 -5095 11762 -20640 19355 -56364 34700 33077 31203 -47891 46491 -66543 21343 10204 -72547 -37504 4817 -12573 -57194 27097 -5206 -16668 -11040 23595 25699 -77957 34829 5098 -19652 48832 45489 -6889 -13572 13142 39460 31996 -50099 17530 45122 -9542 3456 55402 -33140 -44130 120 12763 26566 -11806 -8287 -6187 71818 48368 -10270 63037 3993 10172 -19343 5270 39264 39375 20841 -35108 -24364 -28143 24376 -8601 8883 19251 -21591 -40509 -23384 13842 -12754 -10477 -24580 54464 31763 -8592 1448 37537 4378 12434 60056 4559 -44260 11987 -31850 13655 -27138 76984 21038 
-6075 31075 -41569 24128 -8455 58636 64227 20028 -37934 28607 -3989 13286 43170 19890 5155 50103 21700 -17737 -26267 411 35355 -44076 -5771 5409 -12370 14254 7928 -12391 26657 -38232 23974 18397 -23092 -18847 14577 15297 5303 49220 -3189 -35445 -18959 28379 1920 -27756 -58850 -49045 -24765 2705 623 36998 -36717 11528 62811 -9327 59548 -32584 17507 18139 16503 44665 -62219 32175 -22189 -15935 26464 1757 1556 -60955 -20910 50361 -17037 -59993 -46892 20373 29212 -948 -60020 -45061 26315 -3955 42382 -30412 4391 -31726 -38977 17019 -9579 17498 -52106 20817 -10881 13716 83974 -30764 -27738 63294 -114 -39964 -24806 -66996 
32956 4037 -41701 37589 5481 -31659 49998 30207 9463 -35332 -12914 -28203 -45507 -62569 18052 -12632 48852 -30652 -20281 27703 -21165 10548 -40880 -12385 24170 -9413 4855 -75433 -65467 21538 -1446 -8942 11831 56104 -34637 -61806 45516 -71482 23086 54051 14305 25418 64898 19519 38013 42122 34438 -43346 -15533 -12426 -33001 -13011 -1223 -16531 20599 -70433 1577 -24474 -71948 -10200 62046 -2160 10926 -4740 -1055 66367 -14659 10571 22845 -2466 2859 22049 4452 29376 38800 -4045 -3593 -3484 25097 681 14284 47220 26733 -38060 16755 -12015 61631 -86781 33195 43318 -84716 20214 23523 945 6004 -20816 43993 36221 19986 34102 
37872 -22293 44871 3600 40366 715 -13901 -18357 -53232 -8208 -47514 -73284 4560 -67047 29710 62602 -4660 -40612 -46775 11031 27561 -40192 48050 18945 -45082 2745 10775 8405 -15417 -68346 -21023 25371 52193 -28983 -34428 -35344 -4109 -17489 8216 -20805 -60982 15959 -10886 20702 51235 -10764 7137 -4167 -50013 -28331 -18161 -29903 7969 -13640 39542 -24027 -15542 -3109 -60958 -10497 -9410 -3275 -30121 5584 8423 -5302 33920 36703 1943 34195 -2292 -25570 -64511 48779 -44722 -29151 33392 43364 -25838 -22770 -20887 -65063 -14215 36001 49820 10216 -28897 -30491 -49998 12136 56505 -17819 41658 38748 15669 -40484 14863 -328 5612 16596 
-3517 39660 -70421 -32633 51154 12182 -53998 -11326 25063 2876 50049 -7446 42578 -30096 44171 -3347 59716 -51635 47847 21443 -17009 50040 -49170 25045 -16369 -75533 48576 11150 -70998 -32005 40793 28769 48450 3344 -35333 -21297 14072 5393 -5519 24618 -60112 11376 -2153 -28024 58121 47718 15070 -61400 -72005 30249 -5092 26886 27922 -31081 14194 -29122 38161 5197 20126 -15254 -43065 -14749 24999 -25874 -19431 13729 -45167 19015 27134 90417 -27871 -17660 23679 -3873 15518 -269 -60788 -5610 5151 -34691 -41460 4360 43351 -13405 -37178 16439 20769 4932 24773 -59240 -48385 71040 -29653 37372 -15474 -3217 67941 -5163 -8315 -16516 
-29347 -16158 25435 49882 2855 12423 -34751 19207 -45587 48623 41014 -4311 3719 16319 -63631 16129 -14463 -26835 -32624 10181 3103 -5164 28054 9826 7207 4295 28439 -1261 29897 -36317 -6545 16546 -29257 1256 1335 3639 -7518 7625 71589 -19174 -25121 6446 -31010 -24612 -8301 -6677 -8157 -14798 -25443 -7064 6108 -54905 -38539 -8674 -7556 66352 -28679 -604 2484 33678 28492 7486 41330 1467 10377 11374 445 -58141 -75450 59324 -37120 -23448 -48663 -1427 4792 -30405 8598 40512 -28744 -8664 73191 -39707 -49423 15640 20108 30811 -19663 8690 47891 16536 9558 27974 16668 -22724 14604 47861 -20976 -29733 49080 13406 
49674 19683 44014 -1685 54437 59245 60008 -2444 6051 -16633 4266 -24043 27935 -30578 -41105 -9366 10271 15823 -48461 -15329 16887 -2996 4513 -9236 2784 84928 -62512 5215 -5716 2357 -36662 -36956 -41782 -39210 14531 17887 48979 10487 -4318 -4351 25935 -38158 54325 -17087 -31253 -29391 -50260 9479 -37057 30918 1928 -16858 -12644 -50250 -26232 44092 -32898 11211 -48221 47617 7581 -365 1367 -41505 8250 13066 -33522 10056 65476 -18372 14890 17114 -55268 -1451 20598 40988 13077 3103 -36147 48706 3376 -37871 -22309 -16374 38084 7739 -33288 -19345 -15988 -56044 -9035 2451 18388 11085 18374 57131 -27164 -13332 13176 33338 
19363 -15247 15110 -27659 38939 -18448 -13626 25361 -33714 -30754 -34733 -6160 -76995 16600 78289 4514 11620 27551 -32933 -2188 55815 -1987 -3900 61441 -3365 4838 -13837 -36293 -25780 -16943 14795 7981 51619 -14283 -31094 76302 33463 -48679 20160 74548 14015 -44659 49416 22089 -5728 -1490 -17196 -19216 16726 19684 -11374 12236 -15256 -35430 34783 17181 27764 20021 23067 -11053 -1850 -12174 -13920 -12083 5530 -121 -11997 7830 59087 -2946 62765 51423 10547 -1889 24388 3585 -12371 -9086 49634 -75357 21480 11348 16729 -14745 22955 67266 -23633 -32467 59920 -23605 -4944 -3837 -53936 -40480 39400 -11751 -14874 -92402 34816 30741 
-30520 21348 -586 23148 -16257 -36064 42394 -3820 -11105 -12489 -19556 5642 -59152 16284 12554 44051 -53778 52054 4184 1573 16645 34135 -41065 -17140 -66379 22325 4357 2598 -477 -19262 -68909 19699 27362 19442 -25604 24127 -46435 5638 21607 7445 57205 38197 -16573 53077 -26947 -37287 13779 -19263 10947 -29035 -25304 12685 16245 -5903 66152 18722 22760 32148 13760 39322 -46200 -30154 9410 21022 27667 7808 41294 20184 -23360 -13536 39895 -11665 -51636 -39667 -47647 38293 -7695 12625 -4485 -7369 15483 -92694 14808 -8124 -22268 -5587 28764 19141 -30997 13128 -2362 -85891 -18482 -51010 13621 -60786 5163 -62205 1537 -25599 
67469 -38495 -25605 -16412 4262 -43165 -19573 24811 35298 35854 16401 35 104903 6492 -6054 -21647 53803 -43678 34080 -266 -66484 58620 -51794 -2582 13205 -82403 -72763 5050 -1354 53581 77571 -26645 -28938 1802 -2909 -13344 59799 -6748 10469 70485 52967 -58848 47266 -5325 12139 18529 66577 -11011 -30322 93505 28823 28768 -28443 47053 23129 -19884 41328 -28889 35943 41509 6914 48787 -39636 -37877 49837 -41101 -25098 -32073 64890 -19373 32183 38420 19066 63055 29586 -5327 -8772 -53105 -14022 -26877 -31805 23775 46633 -1853 -26073 10354 25213 40116 -48869 24250 3443 30252 452 31691 64871 18337 43323 14202 12121 -13576 
-596 10653 6891 -29524 15377 22351 4530 -68612 1901 -38002 -55350 -25452 107562 3389 -34189 21888 -13014 -11729 -6757 -38208 -5615 31001 -14676 -35194 -13772 -10077 33402 -9664 -57874 -16106 44935 3524 -34134 -44426 -17788 6098 31370 -13136 -20490 16241 42247 26409 28212 37334 -25722 -8109 19229 -36075 -84673 -20552 23217 28899 52124 -48963 -6503 22823 15219 -17094 -32395 17024 -22197 -65773 -27922 -10820 27572 8717 -20110 7019 10134 -37168 -26414 -17477 -9770 56620 26921 52018 -8490 16689 34845 28750 3521 -67440 10534 5658 -40332 -6074 -48421 -15849 -13619 18119 44118 -16041 70742 64901 16836 58119 -47418 40451 40007 30432 
46895 -1791 39054 13193 -21380 1364 -9748 -925 -40932 -92928 -16318 -53034 -42880 -40431 -17991 -8871 -25490 -16924 12870 -7456 -21984 -1816 -26318 19882 24902 58719 -11342 -114 28921 19047 9610 -49806 -44406 72106 13492 5495 17078 -30755 -60045 21758 19973 45435 34368 15511 -56647 -25624 -9242 41910 -1319 -87819 -40809 -44916 -21395 -14550 -43394 -1141 60084 13004 11920 -48520 9770 52718 -12565 39077 35201 27991 -22179 -13465 -13294 8161 23601 24981 -6384 62715 -89188 47284 64829 -5221 -7696 26112 14209 -12507 -33973 47954 16328 -33840 48060 -56092 35382 3173 -18436 -36900 10525 70315 60837 50367 -14057 -26253 -68090 23812 
19044 70645 -16183 18778 21768 -84571 -9463 -14894 -24097 5823 19414 -14397 -8155 -15443 8177 -50426 25729 -9885 -4250 58241 -32983 44929 665 -2896 -23886 -5688 -9093 -48939 -13918 74075 18371 42900 57348 -17494 -18240 77247 41417 -42969 -40402 -4741 -16841 27024 22876 40951 3627 35482 -30838 -7034 -2363 10833 54631 10545 19374 24668 -19547 18763 18579 -24303 -40812 44788 31596 19624 6726 -37884 37598 -40355 -45544 -77634 12880 39979 -39103 -11378 -58517 -26291 -26474 44148 35245 48138 17864 -14963 37800 20939 -60984 8766 25221 -39883 51686 -34170 23494 -85515 -16214 89342 6944 -13531 27671 -51285 -12113 -18174 -27777 -10123 
47614 -10922 51999 -55270 -43996 -44967 -2393 -5252 -65534 -5907 -30096 40745 18730 -5209 35983 -13028 -2043 19419 -21413 -69055 7279 27266 -3986 21221 -28212 -14546 -21539 -11644 -30173 14461 42112 -1700 -11079 56548 4924 7234 50287 -10053 64518 5860 51955 -18053 -18471 17080 -28722 -17842 60164 -38811 12466 18682 -29437 20698 14486 -21502 15672 -18647 -20912 -40352 43013 -18900 -8996 16889 13003 9420 48176 9651 -952 -60963 16433 -35879 19790 -9821 24858 61160 25473 20999 -8582 -42621 36935 3112 18954 2525 8824 13024 461 97638 47032 -67320 -17045 11254 -7870 -27415 41149 35442 13992 11224 -19736 -58982 -7290 -21314 
-2808 -4453 -22169 22522 64212 -9094 -2687 -102350 33534 -62111 26262 -9074 6016 -24633 -16844 -14583 63271 53392 -4428 4565 27425 59699 34160 -25796 12403 -41289 -2391 6907 -46893 3815 -9642 -17164 -9441 -33928 3950 2539 15876 -1783 -15723 -13247 -26988 565 56317 -19269 -70411 -14 -38935 -20984 51196 4543 -13300 10320 -20095 -9659 -23282 -80452 -31553 5987 -50938 -21349 39516 21152 2210 11368 -16903 13993 19932 7620 -19786 30501 -5699 28648 -30981 -12147 -57586 4191 -44517 18208 3011 33411 -72978 34818 -53100 -42920 44747 -32957 -21190 21242 -49344 35964 10248 -32421 38736 27304 33003 -19099 25280 31544 -49110 45558 
-85610 -9129 -11206 36807 -57603 33806 -30959 7299 -11389 17683 -9532 -13921 -15352 -4495 -134 -20973 -28104 13021 15357 51521 -9829 31494 -4545 3998 23134 -18110 27090 -1729 -29651 14759 -2388 3753 23198 -8699 16383 -25654 -4968 13874 5317 16783 64886 -30066 29727 8291 -17490 64507 -21964 -13703 28256 -5374 29605 -3176 32560 -60598 19172 27078 87437 32344 2007 7441 31757 -32029 23697 -29558 -1006 -20987 32116 -31092 -27948 -20449 14301 46036 -37802 -26707 38740 88947 28231 -36791 75345 -24863 -2253 -17205 11600 -15873 -18746 -2147 -11406 20557 5948 -35974 -57836 12416 -50565 5381 -1766 44891 1773 -60008 12221 -24331 
-20151 35651 72526 11523 38523 10655 -3769 -29224 -4444 55777 38252 13915 -29109 17559 -18162 52118 39827 31427 518 40843 -1534 31522 26635 -20264 15420 36417 -2269 36840 51077 13792 4497 10095 -33796 -17075 29609 446 -32217 38696 6741 -8118 -25280 -74243 -26502 -5274 -13772 -3404 -65583 5081 25 -7965 -71932 -5454 -28632 -48034 28890 65707 -9798 -13258 15643 27649 3971 33509 -18093 -42486 -23219 -4610 11106 41663 14337 -4529 -12089 27588 9384 -35273 -19272 -14682 21188 -3840 8443 18428 10685 20056 -56857 -54915 -19005 -47847 -30223 31946 22661 -17990 -4953 42397 -26224 -32493 8145 -40676 40397 -8147 -28811 101809 
-4246 -18925 -35724 24997 33991 11837 -241 7609 6479 -35715 -14790 -5915 -12995 -41795 18425 3258 -8036 8815 -23774 -1882 -24477 9709 -31464 -10309 -24979 37803 -45687 -8144 21255 22197 -23524 -3917 -30001 18938 42307 -20165 39332 -30235 14716 45052 73558 -1500 -8756 10395 -48049 -23994 62840 1386 -50987 24497 53971 -8966 1401 13655 12632 36231 13313 21366 -14673 28509 -32668 -21106 5171 -33321 27393 -44978 -13406 3839 52434 -8841 -16532 72540 -2887 59588 -70858 56360 -5648 -8728 -20956 44162 -16283 -25897 -16370 12693 -44329 -38720 -11677 -29999 37364 18357 -8611 28042 -63838 56248 62826 -21511 -66673 54904 254 4710 
-10495 -20052 34815 -48382 14204 -17136 -14322 -34438 21866 -25131 -26971 1809 -53198 -1476 6077 -12530 -49127 25094 -14988 43990 4203 5853 -47498 43843 4412 44036 -8182 -49715 -36216 10675 7495 25597 -13773 16391 -45701 41026 -11366 -14220 56772 -15583 -42430 -1182 42327 -2788 6414 -30951 -1418 5477 -12128 -74117 -46903 46250 -22699 545 -41762 -9225 -11709 20090 -21725 -50400 -25862 67178 -17938 69330 -8875 957 -74807 28811 8014 3530 -40265 -47750 -6789 15642 -18864 -8714 5471 -4397 -28822 -43169 -42459 -7600 48381 -10249 1238 89421 332 57496 4294 -12876 6071 42390 -16972 17798 26207 6575 -4203 -1769 5870 55342 
43937 -9254 27721 3577 5783 5000 17408 59939 -3391 38015 -44629 9044 11503 11573 68570 15670 -9927 -22514 62420 4477 -46893 -5966 -25191 -13822 13100 41312 -51293 34125 9479 24682 -20041 -7476 -4682 23698 5724 -14405 -5862 13808 -2355 -4799 33023 -18519 11129 34562 17488 1983 38669 12501 20099 61852 -26314 459 6654 -320 76783 942 -8673 -81456 -31356 46188 26940 76559 -54270 -16665 63234 4459 27838 -25569 30787 20680 11759 23293 -23584 2609 -15775 -15215 -10189 -56399 25945 -60794 -47974 58160 -15149 -28444 -47240 41664 1943 -14867 35193 24311 -5432 20684 -45624 31127 7215 24605 79811 -34405 19593 3631 
5462 5806 1533 -45437 23370 -35682 -2082 67903 -80194 -30147 9955 10505 36266 162 -20560 5852 30141 -34940 -83158 13839 83303 -70991 43955 -2950 -20593 19691 -11472 -1637 -32152 -12411 987 85938 -11955 -3468 -43403 14715 -17409 -12463 25524 -18578 722 5921 -27185 44785 -19946 11078 24263 45324 -180 -45143 6461 12379 -28729 10585 -3619 -21732 -20077 21136 54030 14772 -28177 23161 27786 -35948 -25995 -24895 -27343 -17671 -44602 -12660 -12307 3259 42426 25983 56167 -30931 14131 8672 16269 10009 19006 -15421 31137 19103 -12944 54431 10381 -45662 -6696 2146 49964 39849 -28411 25235 -1590 63100 -40289 41369 -38222 -82014 
-35267 18456 36928 14852 -28170 -4131 -12146 37025 38638 16903 12070 52486 -64598 19747 -30297 -25000 -19436 -20119 -12325 -7711 -24815 28281 -13392 21026 18072 67252 -3461 -30816 -18255 38328 5971 -53238 -10065 6313 6303 40593 -16351 -40697 19843 20971 3301 -4743 -13723 -10506 -56382 -1704 -7768 21890 -722 -7517 -10130 -22738 -19408 -46388 -19316 -9726 -29951 -54380 1420 33915 -10517 46485 -20415 15290 26710 12705 -16398 -3268 -4909 -51481 -22987 -53565 -41534 -8811 14572 2388 12060 -26834 -69336 -25135 23537 -54137 19468 21346 21955 -43774 -28766 -14736 41175 13507 18553 12373 -46538 -37176 59139 29115 13902 26218 17137 52557 
-7348 -37397 15202 29277 60532 9194 -23493 -666 23669 -388 13389 39063 -9283 -1382 47914 -19409 -10622 -34667 -4221 20532 -14552 17298 -14970 3219 -20976 19894 -15133 -6042 -4404 54517 -22797 35197 -73394 47642 26098 2769 23230 -26212 39906 33367 -57271 -54376 25433 23188 4764 10477 37699 16624 13811 -2020 1399 8423 -65302 26612 49127 19727 -37412 -27996 -24107 22267 -46518 37565 -4631 -1712 21129 -7887 -9105 2839 -36305 3108 6576 35971 52655 -14931 274 -50671 -1316 -7903 -32509 48732 -30966 -21982 4204 48666 14685 15451 -960 33561 44053 78728 22290 27721 -78877 337 53599 -28397 59799 -40108 -32789 53838 
-37861 24664 15630 32003 -42791 -43055 25401 13700 -19935 -8016 57317 37359 -84122 -47324 14503 11686 20135 22669 -12519 -25688 -16199 15021 26276 -12645 4999 -42765 -22375 -37301 16325 -46837 21624 -15909 22899 -49783 -26693 13502 34013 -34142 4248 7883 53960 43724 -18318 -73317 -28720 -13031 -36891 18131 -15361 -16625 97304 -47383 -35492 20690 -52641 17506 13332 22656 -11389 -9569 -1538 -27018 9483 -22594 -31307 39108 41875 30440 43994 -31434 7320 2796 -26652 20938 29441 -28983 -10091 27567 -57981 30231 -6274 -849 11793 -24875 14061 22193 59330 -404 13114 -10132 -68193 -6322 40635 8159 -55695 24722 -38279 26930 44631 9269 
-29540 18717 -60321 -9653 -59508 4620 9293 29715 -25352 -23263 23638 -13717 -50372 -34768 -19349 -12055 -59572 34955 -8412 -9853 63031 47750 -72818 27487 2225 20319 37129 31067 29877 23804 -12958 -21175 -22581 37945 -36091 -4349 -87268 50989 15940 -39688 -15825 -27184 4418 42079 2303 -32115 -72210 9914 -24770 -31089 13434 -18324 57050 -41668 -21315 13668 24182 20726 70924 -107056 -19488 23659 53665 46022 2414 -506 -14307 -32806 -3174 20805 -6770 -38101 34979 1460 -21305 -8670 29431 22511 23287 213 40796 -74635 25970 29019 12066 12030 113841 -23936 -31645 -4591 -3424 -28754 -22926 27764 19786 23501 -59979 46701 -44859 -39529 
-34067 -16303 -28280 -24004 44729 16997 30022 -35196 -18135 14878 -52364 28180 -4408 -19166 -30828 32310 16468 106944 -26956 -10410 -692 -15886 -9776 -42189 -24362 14027 -38346 39463 22576 -17295 39252 2099 53031 -2828 -25396 21703 28899 -38183 -3319 64535 19329 -19945 26589 32455 19309 -45303 -35773 42206 18345 -46187 22363 549 23585 35372 -28007 6207 30953 48567 64826 2385 -22002 -1466 7310 11912 -69408 -22485 21252 2347 20467 -21534 -8810 -17982 -19660 11015 27031 2268 -21406 9032 -18110 64143 21415 -12342 14939 -16983 -66281 -1193 31575 23163 9921 -17336 -25111 21692 -579 -37676 -19102 -15362 5233 41631 463 -33257 
11624 27042 21528 -3967 38425 41900 70993 -1196 -21043 2113 -3629 28978 -32049 -12439 35453 -11936 7130 33709 -26714 -1559 7324 9878 -24035 -1088 -14736 49953 -10194 28066 -12101 4220 -41040 43486 -21215 1149 -36308 38617 -38814 44637 10783 -31326 69310 51599 -3417 36780 29831 -23157 -22294 -1142 -12897 -24512 1001 -14207 -11921 8351 -8891 39051 -39005 -45362 -4259 -30767 7564 474 45733 8322 32969 -3032 -24236 -30653 -1787 3092 25569 38304 -28099 -50621 -23117 -14703 60774 63107 -6647 43038 64785 -15484 -18178 25418 -20196 -12994 -4280 -21492 -3636 44575 18796 -19752 -11684 -36883 -31837 6006 -60353 36322 -31101 -44929 
26024 -23613 7131 18704 29442 41481 -29535 107119 51178 -19561 -44757 -36396 15900 -6397 -34432 -25452 86033 -47879 -21948 48071 -12710 -66249 13379 -20929 72831 -24728 39012 -87996 16033 18555 30376 7801 -58244 52513 -4548 8061 45515 -45129 -14650 33265 8624 354 17892 -3040 -10559 54432 12475 3803 42527 8663 11157 36925 20326 52977 -1917 -56280 5337 -14213 20972 -2994 56400 -26285 4704 22954 35895 21446 29878 -24495 -56541 45213 -13770 -58432 -17793 13 25164 1022 -52676 -7126 -16217 -33806 -22330 54635 11826 24575 38750 -22080 -9922 55800 -21376 1244 26067 -25724 -2512 -2300 21022 -25449 27971 11445 3149 -44859 
10196 5539 -46970 -1722 -25354 28715 -21700 26822 20421 43436 707 35677 -3661 29043 -6896 -4160 30355 75224 -19035 -7658 9033 13682 -20768 41620 10410 11616 -3684 39314 22508 -62350 11358 -37147 30555 35418 2117 25145 34839 20467 8081 -8930 35428 -11702 7570 -39354 70143 10493 -39693 21442 -8906 16704 41635 16854 24037 -73350 53237 32813 26697 -690 53807 -30664 30187 -43011 -23298 -7532 -21246 19771 11768 27967 45402 15435 22037 -12565 -4467 23160 -2584 -6016 -20821 -15519 9204 26903 35505 32463 -50316 -70386 -40954 25566 -45696 34748 2400 -34222 -60602 -2697 15981 46059 -14639 6217 -21759 -13877 6279 -43861 
10303 -22952 -64552 -14262 -13971 -26116 30339 51221 -33342 -43060 -21793 41994 -39257 25707 51290 13191 25228 5215 -56535 13584 8232 -61648 28132 32912 -7923 8845 16775 6569 -34129 -4612 -21255 -1687 -13516 -4533 -27312 3044 -16025 43626 -18250 -20655 51090 9654 3245 -19229 -76 -8954 50451 -32851 21542 1360 39368 44996 -5602 -3339 72417 -10481 51256 -17286 32399 -37065 -45236 -9301 -31126 -10735 -16164 -35281 10989 20795 -34974 -39089 38113 51151 28180 -39941 -58410 -71132 21824 4067 4927 -13172 -1026 -20076 52979 -5845 15701 11630 -59797 62620 -54432 18522 -10329 -55122 2647 -15728 22535 -39920 -16167 -1237 -30283 -71668 
43318 -44692 -17739 -1589 2115 39570 2190 -3666 -16487 -2959 43471 40105 -61052 28243 20784 -38009 10976 37809 8914 -31272 25403 -1098 -11319 18786 -18748 1220 -28798 -20895 -982 51758 36098 -4603 571 36555 40551 14892 -39553 51073 34817 -22115 -6810 35645 -46585 -32851 -8050 -75429 -5531 -18538 41742 38079 -5107 -7627 8411 17317 -28540 -5186 -57849 25737 -68603 -25751 38060 14992 19203 59819 41982 -48957 5913 -25029 24290 28016 -13586 -30291 -14297 -1918 -42184 -37051 -60501 58139 -49251 1376 -31605 63263 -42761 -22845 -15334 -41978 -20436 -6010 -9300 66704 63636 29780 16781 -19064 -41782 -2317 37348 -93492 13273 -6160 
-1559 48083 -16660 29635 -29333 -4068 49970 -3894 -12689 -45707 -28249 -56561 -46435 26101 444 -2955 -13250 11915 -16311 15756 -36541 25135 9189 -48485 -14665 -36393 -42495 -15963 -5083 47597 -28954 -54684 25708 -20254 -13925 2019 6480 -11958 -3568 10948 14702 -13781 69109 12026 37608 24294 -15504 5663 -7496 -48660 98104 -11246 34397 11162 24347 23891 23517 2754 -51435 -498 -35104 -7060 -10894 12938 18758 25759 -9779 -17397 37108 -24689 28377 22208 11891 -16750 20909 18773 17460 -11022 14752 -25425 -11804 257 31264 20509 14197 2074 58317 4747 2323 -14513 -15046 -5798 -6847 15148 -10048 28364 4005 22071 25412 -38030 
-48645 823 -64124 -17845 -56978 -10260 -46181 -3580 1539 -93218 -11376 26325 7780 -13255 -10868 -4230 40097 38874 -10024 21404 -107 15641 -6841 -113 -23067 -58435 -18618 -37221 -46895 -42370 -243 20077 -12567 -13073 -86024 -385 32068 -19782 -33401 89165 -17982 2832 54709 5634 -15016 824 6247 36149 -19829 29359 20506 24244 -9726 -30406 -5806 -18680 65201 9915 19761 -4539 6735 11212 17175 31227 -7670 32147 -10922 -6990 -54592 16487 14349 19168 -29436 69332 -42227 15902 5414 -27853 -49164 -32433 -1107 9304 55878 -26499 11853 62897 14853 36812 13593 -8929 -12523 -19631 27080 961 24361 -41275 -5378 -22381 -36543 -40056 
13312 -37372 -37740 43029 -15327 -31500 -978 18475 63498 61541 23220 -5703 -16627 28138 -23757 -33150 27463 -43089 15701 1578 -46848 2646 -7340 -28059 -2533 14858 31929 -54534 -37645 28701 -54933 -11498 54593 -13463 2180 -18638 -36750 -53377 -4359 -69046 -4481 32163 -97435 -22544 23850 18422 27617 26999 22481 44874 -25231 24674 42770 50447 14963 -26894 -44676 -53138 19865 33191 -8511 -65074 -21658 -13569 29324 -45063 24608 69486 20997 4818 -6676 -442 14694 11720 81320 -76463 11429 -19101 -100212 -59130 -14377 -12371 4458 1225 -12555 -34786 32746 47514 17175 34743 -16056 47122 7997 -24552 -23626 -31 79584 -5286 9081 -14414 
5609 -39222 18762 17568 25528 -8016 -35961 51710 73926 12843 -14215 9946 -53338 -25869 32989 12656 -16152 -7576 -17291 16023 70927 -3044 32010 16587 -8814 -19039 -44008 16699 -16205 14722 -47869 -42584 26323 -24373 -28035 -7779 -52761 -25499 59973 11977 20304 -11322 -16913 30314 58113 18372 7359 -38718 -512 31473 5724 44640 11268 13236 5058 -19366 -23848 6891 11700 -48661 -8486 -29207 12801 -72772 27954 -53244 54277 10663 77889 -41221 41848 12266 -11791 5688 33070 -19067 34418 -7195 -26110 -14256 9378 8352 34819 7063 -51753 32789 34035 -16481 36569 21604 -49049 -2136 25854 29413 14102 15504 8402 -19792 69104 33218 
-22078 -439 36008 -71095 -30648 -48834 12377 -36417 -19118 9738 19673 41437 -84083 27953 -21499 -60765 -3048 61149 10613 -18453 -20622 27591 31350 24077 14830 -2744 37103 8297 -7948 11297 24012 20283 73261 -34720 -19958 26376 42108 -4479 67259 -24868 21595 2727 4737 -20407 -9844 12644 -23914 943 40205 -45614 15777 -35549 -25036 -9465 -12825 -22674 -7429 15696 48474 -35256 46139 42584 46030 29012 -49955 -9906 -11007 -39117 -62407 -14738 -16796 -9939 43118 -68348 59456 -3784 -22688 361 46598 35602 -15769 70109 67740 -4825 28708 40938 59941 7554 40098 -1287 -36452 41434 29842 10170 -34508 -31274 -36650 -24063 -4928 -55604 
-8440 32770 18616 -27522 7491 8726 -9255 -6531 2656 22594 70241 -32678 -50406 -14601 -4109 -18828 -28595 16579 63482 -82589 -407 -15311 28209 65568 -47133 -25087 -41067 -5688 -42130 41982 -14773 4021 34395 -36995 35979 39935 -7414 -1183 -30383 -1162 -32803 -836 -46155 39444 -14548 68646 -31915 -10857 -38729 -36297 -3725 -32886 -16882 -14556 28735 10770 177 -10349 -2286 -2745 9677 40786 -54329 -38593 -24069 -35413 22098 10043 -25175 27499 51924 36689 -8667 -14611 19013 40938 -12073 55514 39668 74346 -5316 21221 -27112 6280 -37221 -41442 59559 -32908 -13867 29175 -85018 -9616 19686 2514 7372 -30397 31866 8655 2981 45043 
15174 15841 51783 29221 23279 -52948 -42130 -68262 -37008 12934 -8160 -5743 14051 -720 -12678 31941 47141 -23952 18096 35546 -30369 60370 -2086 5309 -22026 -44005 -42497 -35957 -11257 -2755 40110 65809 33123 -8023 -484 47094 -4345 734 18916 -4310 -11057 573 33830 -18385 24830 -33427 8320 -26597 11679 -26372 -5471 9375 -16625 32644 -19445 -26770 3178 -26877 -81300 84431 -34021 50778 2297 -7128 -7286 -12629 -15466 -33169 29327 -40262 -28518 5867 -28780 -9410 -45059 42636 -47034 -3951 -18274 4578 -18193 -33593 1940 13011 40277 -30067 28851 -8896 -37344 -11536 33503 64719 -1883 -54306 9087 -48846 45367 -9756 -15405 67331 
-47298 -34719 -26647 882 -30940 69186 -39731 -51291 42224 7917 29250 43279 -29067 73981 -26887 -14711 -5588 28595 -22886 -41703 14677 4913 -18449 29518 -24285 15789 -16649 -7639 -1454 12017 87 11910 14692 -31648 13574 26331 -50761 32702 -11232 -16725 -3401 7808 -31294 -664 -5723 -47226 -12290 8857 -20642 -13264 -17710 34570 -1944 18875 63206 -15874 22644 75573 7727 -54687 -29778 -55929 -9417 33948 -30304 -794 17883 -2572 -46650 48016 2470 -41478 -2096 -25317 -31992 9121 -59097 43216 -43534 28941 -30040 -10741 2963 28781 37502 -15111 -19787 96064 -25453 38213 -4610 19620 -28921 -38480 10607 -23415 19957 -60280 12803 -53353 
-28353 25348 -73533 15244 -30456 24479 21028 57325 29728 -29370 -57381 26222 -44778 -56035 4481 19779 -44963 -15578 -2798 -10910 53480 -28628 28693 3521 -33785 14453 3224 -35175 27891 2201 -62678 -28406 17000 36697 -22239 -34598 19194 8565 29911 -503 15289 21610 -32987 7359 -62422 -41150 3437 -41712 13706 45293 -1328 9004 71210 -4305 -23473 -43593 -22933 31076 37296 -35656 -7195 -29679 11539 -26103 -21668 17699 55109 -33005 27126 36755 8661 -55262 -85554 -2083 -12793 -33603 -27281 29919 -31535 -40867 91065 -12711 26413 65 43405 59298 45745 -57343 99 -4834 -64627 -83489 12528 -23725 -34648 12699 -6963 6228 66724 -34170 
465 -24960 33584 22836 -14010 17159 17693 41359 -51339 -17279 63504 -7267 21604 44410 33220 89416 30770 8741 -4645 8670 33098 -62427 6598 17565 -51337 -18340 19852 8102 34672 36069 -41677 -31377 -23768 -21989 -11111 -1264 -22167 -30315 22324 -120687 -59896 -60278 43719 74969 -19500 -62908 28590 57926 26427 61354 -3131 30230 -3444 -32422 -547 -28844 5008 15961 -79165 5458 41199 49798 -18715 -8543 28784 -65918 24486 57138 -198 -46016 -37026 533 859 -48197 17853 -93543 30170 22790 48282 10228 -62316 48074 -59237 32162 42091 4532 -26289 -1929 -7429 10859 52634 -36409 10176 23701 6291 25450 -907 23220 42262 -60858 
-11262 -519 31553 -8196 6128 -6569 12885 -16675 66452 51504 -38392 -7530 -80664 -41501 29054 30591 25659 61329 26162 -5013 -18960 -25064 -14397 -17119 -33073 7654 -55979 26662 35576 65252 -4961 -18607 -2060 -23198 -7957 -25770 10940 -27895 26548 27800 3304 -11981 16047 -10437 5438 -47908 50615 -2033 5413 -18165 -10242 3038 27231 69778 -5794 -57585 2237 -22674 -47230 -406 -80023 -26704 -31344 19759 -31284 14459 27820 30388 57076 -33968 -24440 19941 7717 24501 -22811 -11311 -38709 7626 -102640 -25270 -54515 30420 26927 -13829 -16170 -23177 -10321 35611 22577 13078 -18540 11820 19742 -4234 29004 -53036 24617 -49163 -18313 51383 
42172 -53778 3254 -11327 16149 53009 116 13234 13011 -39306 -32330 -4846 44299 19311 15753 23666 48682 65690 -21624 -417 -2619 -4586 -23373 -41411 41070 31218 54346 12678 33148 -22195 22721 45195 -22712 -24569 27591 -64649 25522 -19350 -1404 -33706 4661 11934 70157 16092 -29774 13504 -17181 -22924 19361 24207 2353 3199 15642 53025 -58883 -22665 48208 -18658 3043 -54660 50535 -17800 46791 2892 15628 -69244 30899 -31081 -22210 -7626 16479 -55945 56464 -34171 56521 8167 26672 -26306 15863 24935 15018 10555 -11402 16466 -1639 -27589 5444 7247 10662 14828 38847 -65670 6843 17841 27503 -6658 3891 13202 -44928 -21071 
6574 37977 -4068 50022 34505 46652 96919 8682 6174 -4331 2872 32095 332 16139 -12265 -23362 6148 -21966 -19388 -8956 8940 38985 48480 -42630 16766 40692 -66538 -49808 -20791 26384 33723 -41067 -3457 -23768 32621 15697 -1793 27048 -19524 25196 79453 -7513 -7755 -37253 32466 1328 -15355 41246 -31761 12026 3537 36297 27292 -12410 -19795 29883 -50057 -24110 9935 -22869 26872 -16269 11360 -54457 -6936 37053 -60113 31089 20888 -33865 -17667 -3919 -6102 18174 18777 22211 9646 -2356 -16358 42057 -34587 2180 -5267 -17896 -18613 -8012 -46836 -407 -48203 -41941 -31832 33003 -71423 -80355 -19764 62043 -13914 -20670 54826 86361 
-64261 19747 -9696 -3953 4450 74886 -23676 17983 29771 -33095 -10804 -42067 -3596 10655 -11327 -32430 40593 -18847 -27617 -6693 50714 10516 42349 -21623 19761 -17428 31885 10932 -40746 -21162 -37718 -53737 -46769 -44055 -3321 -18206 -4120 -14139 -8046 23288 15703 -42283 15668 -47192 -82561 -17584 -7999 40112 -9608 6068 28640 -22149 20756 -16784 6150 -3780 -3361 37807 52061 -17541 -15927 1815 41772 13776 -43004 -16750 -315 12371 10360 17092 2599 25983 19829 33756 9367 34228 13815 -59223 51816 -26986 -19142 -51583 1647 16305 -14874 25565 -22205 7478 -39842 38117 15036 -19413 -22592 34345 14181 25159 -39347 52845 -25924 38845 
63127 32717 -29287 -4580 -42086 18493 35015 27230 -2106 -10689 -24379 -11037 -6427 -8049 -13864 44452 -15394 7967 -44173 37043 19574 -4755 -4031 -32695 -13411 47079 -16370 -34306 64760 34699 12834 34671 -24001 51323 -17489 2999 -5504 -1469 23049 -21693 34377 -26885 -11160 1881 -17792 -47825 51618 -14372 1966 399 48098 23222 -4167 49121 -26643 57032 -32085 1038 -4713 19950 20663 18230 -7245 29345 26021 9109 6306 29475 -5174 16703 1890 22522 -1144 5 -43977 -62732 -10396 14665 9624 -36800 -19171 17171 -31608 -11621 20560 32788 -29822 4645 8081 -42839 25104 10178 22406 -10378 10178 33946 -14582 -41956 49650 -59799 
-28493 11286 9443 16615 -16515 3046 -32285 11393 -38013 43395 32060 41907 -77309 12363 -2276 38588 -9359 -40878 -8882 -3884 32544 -20333 16286 27798 1577 -15975 46607 10150 43378 -59051 43076 15049 25989 22823 -17248 37409 8965 4938 38034 19906 -42666 -26862 -31629 244 33288 -14361 -11396 -51429 -27868 17265 -14579 -41027 -66639 -56795 27842 -10641 -6728 -22852 -26989 21757 -28734 54800 -24397 -11996 -31718 7108 22016 34424 -12768 2823 -41651 -14686 24715 -33863 46898 -26563 33951 -2696 47428 7464 7314 -12642 -29688 -23330 -16222 -31681 1121 19342 845 -36643 -164 43690 18562 -53746 -25083 -35010 -62981 -27431 -743 14276 
3921 -2832 -37280 58275 -10397 24535 -12738 -47419 -4273 11381 46655 -15077 6112 -11023 -21863 -41815 -27947 -4275 27162 -34747 75383 49962 8774 -124 18200 7012 31134 24397 -3416 -72814 19464 1552 63740 -11732 64382 -21212 -12161 -6540 -56080 -49948 17557 61981 -24863 32949 -3371 -13205 -56055 -7636 13854 21315 -3302 -18972 21721 12485 -32428 26484 -3595 83425 25897 -9615 23548 -5555 22282 9859 30060 -16980 17500 -44055 -30510 32385 1068 46 9782 -5850 8206 2529 42974 70607 11006 62811 35115 19805 -32723 21705 4555 -8188 43991 -11768 -41634 -27577 -60914 -2147 40070 5845 -101662 67089 -13735 -2634 31605 -38516 
39682 45489 -6785 25443 1442 19645 76467 -21338 -4994 33840 -64002 31987 32523 -33081 -59875 -12654 5642 -16903 16140 45144 18642 -11336 24382 -77465 38240 33133 69134 22142 23109 10862 53194 19205 70769 19126 26991 -54629 -32997 28665 -4992 -10020 44325 10844 4614 60728 90864 -14158 -35638 -12696 26037 -51986 -24916 -34158 26755 -14385 -38458 25024 -4839 -35305 -25720 -19837 -883 13060 -4642 -26147 65298 42899 46493 -46156 -5470 7069 -60522 -34 -6146 -91426 -1342 62847 71821 18168 51089 -34462 8551 -32365 -39279 -5867 -27610 -44437 41791 -54037 30523 -21913 -12247 16779 617 -48646 -50 -17442 -4948 11748 -76493 -9081 
19521 44824 -26526 -32669 13399 -38750 7454 -42434 -16254 -9783 -86666 -36304 17246 59196 22259 47955 20363 50429 -10511 61270 -5744 25776 67427 -66929 -37105 -23631 -32140 -21601 -12206 23142 33227 39768 42564 -50740 -34244 18357 16387 -28011 -12490 23654 -4593 6501 21533 -12675 16018 -7406 25884 43370 -4123 -14146 61653 21923 62637 53742 -16743 -10140 -16401 -52107 -430 -25014 -6534 -48877 -38266 4049 40080 43306 -25455 -56084 17649 22689 33114 41810 1696 45465 -9106 -6444 -37427 12480 -29550 -103599 -8146 -13393 7854 34112 21464 -5324 -2848 2493 21466 -29954 46184 21562 -37502 -70126 -31064 29127 19145 -30214 -11758 -34390 
-14898 17914 35287 -6469 -8626 -66718 6382 -17810 -19183 -9279 -18426 -15997 -16552 -42349 -66775 -31204 23704 -10621 -29382 28087 -15820 -39511 59941 -29293 5075 -8552 -3704 29428 58683 -20026 -4593 -6264 26796 -29899 -8316 -4772 59808 -33002 7941 -20746 -31658 6396 1348 -10087 -22130 6733 -63470 34100 34250 -6265 8718 -16006 8731 -3373 20869 -50673 20374 25300 -38857 -3508 1819 -4346 -18402 -23637 34090 -8377 19702 -85067 -39076 9281 -44304 -55737 -1059 -43438 -31933 37828 -13387 -38866 -24670 55066 -2132 -2816 -16599 12397 3641 -41102 53185 -23465 30562 -63128 -27307 5447 24346 12206 -17690 -44523 -8408 1549 -60022 -13778 
69112 1159 -37301 10023 -38386 19458 -10962 9707 14601 -28462 -38666 6793 40929 -7605 -36363 -18222 18009 51276 -25904 -3022 -54661 -50769 48548 46763 16195 18457 11050 -12515 -8074 -26008 -313 -24077 26036 -13028 549 -18690 68487 -28320 -38619 2878 18314 34003 39261 -40766 34048 53247 8050 48635 8226 -21856 35598 -22560 29783 -19620 3629 -47672 52415 -53479 -24870 -54044 38744 -44068 -68624 4370 -1218 33426 -21932 -41948 -38820 -11506 22271 -1449 -12942 -4291 17720 33780 -6525 -35249 -18138 -28471 20189 2541 28590 32580 4583 26215 8492 -43907 36458 -20055 8387 -53718 -13383 54575 13809 60839 15209 -49206 -30985 -41446 
55280 -2286 -44667 -10611 -86106 -20796 21845 18572 -42133 -13750 -66288 -49648 -51366 -31357 61456 -35792 -34515 -6978 -6119 -25349 -36315 -4374 -28316 -1506 -8841 11834 -44513 -23346 -32865 9867 -17621 -51085 -843 18543 -33466 51584 -7642 -6445 -5046 15880 34274 -12536 32902 34864 -8304 38619 12041 -28166 29234 -8058 31470 -170 70469 -15593 65306 37608 9812 -58154 -3164 -34808 28242 -25024 -30163 58632 37787 -39282 22933 -33009 3996 -5717 59401 15218 -15705 4422 -44789 -31211 198 19361 29034 -10153 -40771 -10270 -25595 -10755 25177 63 12992 12755 -14907 -278 -10800 9211 -28236 61258 39093 27520 -699 -59589 -28850 -78969 
-29045 29317 9412 56405 -16950 -62014 36130 -6828 36254 -10317 36840 3294 -34080 -2559 22080 -29472 81902 6585 -11994 63497 -3340 3247 47494 -37643 43939 -61571 3890 -25941 31824 37005 -15865 19903 8714 -55198 698 -16296 46788 -57234 6641 48876 11926 -16447 26974 6477 32397 19297 767 -12156 38810 20210 48058 34859 47628 -5991 13227 -61600 -25339 21247 -40963 -1524 -6619 -41682 -15613 -43305 -11849 -12280 11038 41467 15805 -8602 -40733 205 -16009 8889 47723 -3498 15710 60988 5728 22574 -8723 90120 14000 7396 16366 -12574 -1861 42120 17906 1356 -8986 17483 -19146 -13603 -47571 -82992 -26161 10638 2778 24203 
-15635 -709 -3838 1409 5465 -16741 22411 -44788 -4234 -29492 -20563 -4288 -30167 16784 -10310 -5158 -25527 -9531 -540 40875 -46396 39506 20140 -15838 -16096 -11648 -7275 30581 28823 -47351 8977 -34606 -29345 33193 -12193 -4548 5559 20142 -28304 3418 -16570 35680 43005 68507 12889 -46129 -11254 7460 -51123 -26880 -23059 -27582 -46781 -11573 22464 11416 63512 37847 12944 -16213 35029 73037 -2042 14648 70870 27520 -6089 -32107 652 28976 -17669 40664 13700 -38614 -67367 5900 -39985 4842 24971 89522 5852 89496 -20213 -9085 -43010 -24657 48630 -8314 -16650 1888 -58602 -16264 14491 -1947 -405 -26299 5475 2859 -10175 -11848 
19594 84293 17196 -30254 21442 22417 57418 -65576 -25456 -59480 6478 -8113 18600 -31893 -3322 -5351 -1925 -19253 16322 -46784 25231 -24229 -24348 12695 -34277 26718 4213 32344 -39970 -52068 167 17029 6918 -2140 37208 12840 1547 -15009 -73720 -86108 5901 16784 1408 8619 -3179 -23230 -29581 34748 -15180 -23725 -51015 12586 15414 29351 -17928 25936 5773 66056 -13150 35970 -23018 -33334 42718 134 5533 39020 -171 38795 -19976 12166 14846 33801 46375 -39495 -35230 -11123 -1211 -6244 19758 8792 -32806 23056 9374 1515 51174 15310 1551 16355 -62595 -48602 -11055 -17744 28369 24621 -23458 9081 22014 53 -41260 -42342 
-17508 -21937 27063 28513 29516 33324 -8044 5375 37219 -3750 17877 -39570 32690 49877 3374 -56461 -35520 -57236 -9599 7197 21649 25259 16396 56135 64253 46436 11426 19837 36076 -40101 19930 -25249 1478 -60783 71767 -14159 -16455 -43384 -42724 -23664 -39465 5638 -3073 -34734 31539 32059 -32937 14303 7122 9369 -1624 -38197 35681 4513 -21600 45268 174 -8590 -9380 11069 12087 -5161 -18302 -42126 12626 -52168 28603 21852 23236 -11804 26587 -12903 15071 29964 103047 -10037 33962 -24303 -17 -1005 707 -19695 11476 46600 -1493 1726 -37567 34848 -19000 2275 51975 -6653 5439 55115 -18516 71730 -3730 -571 5229 14387 
-11592 -780 21180 -12202 36165 52666 -26933 28378 -17383 12759 37759 44185 34554 -73074 -44277 28380 58559 33071 -1821 -433 8212 11481 -5504 40375 53653 -2655 39219 30611 12584 32868 29572 44148 -5607 -34098 2022 -42149 -16782 18714 -11809 8936 31526 -103186 -542 -18975 -1344 7507 1534 11037 37642 50660 -33965 -27991 9165 -29169 -48466 67 -3023 4281 36702 67369 -14830 -4867 -20592 -64400 -3281 23872 31762 33327 -24866 -39167 -738 37282 -43484 -41489 75485 7308 62929 -9955 23582 -50760 8896 -72941 37064 11598 33849 -15251 7294 31724 -4231 -35467 76458 -36549 -25887 2714 -9887 10797 -17275 54508 -37153 -38495 
-31562 -61346 1995 13283 -23345 -122 -18644 49953 -16380 -50624 2042 34567 -40149 -22259 8687 28880 33331 21852 -23982 33467 -10087 4314 14973 19928 32676 7093 3449 3985 35595 1139 35418 38635 34499 -4299 -33337 -41217 8085 13274 29696 273 -16764 -15321 -711 26822 -61408 31284 -29799 -54867 19074 45676 -56047 -45799 5039 7710 -26826 -73005 63478 -32787 2248 -8455 69195 -23115 58570 -28580 -22989 -84054 81300 -340 1793 32172 11198 -39671 -46200 12699 -36430 1380 20285 -14358 -7115 12381 53664 25865 -20716 -42405 20767 -49385 32200 38280 -26858 3945 32539 -53853 -53578 -9702 15823 -90132 17416 30986 -20716 -15067 
14342 -12331 40303 59117 -84265 26573 44869 -54922 -65999 25895 -37366 -14421 19483 12640 18643 16946 -30760 5369 -43368 -23890 -17954 28041 -48901 -35516 24520 1915 -34108 -5323 52550 29744 17716 -4993 -11427 -46435 38549 4226 -46759 32698 -1631 26087 47981 2509 -14771 27470 -50683 45885 -3036 18046 -22079 -330 -24416 5460 25388 -59479 11411 56554 61455 10569 24504 -10270 39662 -56037 14058 -20967 -20739 -11425 -9589 -32387 -13364 -26566 43179 49192 -17955 -4897 -16348 87035 28050 -35444 -15183 14592 -27663 -11136 -46636 -38532 -8468 -28192 -21916 -48051 777 -3785 48497 2531 -37506 -43489 17265 35692 -85259 -32395 -45986 -21605 
11344 3714 28527 54896 17485 -39450 41385 12517 -10620 -1030 -31964 -52871 13733 -84157 84107 35841 9986 34931 76248 8657 -47650 28039 -42144 -72097 26456 -34189 -52161 -19169 18681 42127 2006 44990 -21979 -9653 18834 -57480 -55997 -13888 3438 -17495 -12992 -22809 13228 -41710 -92234 35786 6477 -26858 40402 18224 -2822 -4241 50948 126593 -77477 -39256 14938 46610 9138 52056 1597 -65378 13340 12373 -11398 -23417 1429 17695 36468 -14859 -1251 -18300 -233 18554 -24329 -24911 2936 -14808 -16201 -9666 -41744 14789 -20730 -7916 10042 -47740 2156 6007 -26703 -29602 42882 -42113 -62617 -16498 -25912 10870 -16827 64645 36185 31805 
-8850 16439 84661 -54742 29069 -45155 9287 -10841 73665 27700 -51275 -15497 53424 -13301 23483 -9438 41550 38366 -26646 2152 -25965 -2229 -30657 -16371 -14313 -12779 -31116 41937 2752 -148 14698 -44605 100264 -32332 -51234 16301 59342 -72 15383 17745 69982 -47230 -24490 7561 8083 8956 58350 30638 24991 35059 27421 51844 -49266 14891 -36921 -30990 14118 -1348 10391 -46681 -1147 8552 -35485 -7198 -7655 -24356 -35808 -44559 25395 7874 48267 44215 -26204 -66820 -26157 19562 29673 -77499 -9142 -61522 -59039 37753 36054 30865 -5941 -36767 11387 1015 4290 -54236 -45718 -26996 -28203 66874 -9751 -19728 6872 7515 -45292 -56848 
6157 -3968 28497 32598 -12370 27256 -25951 23023 -247 -56378 -9019 30216 18812 -1887 -22713 -30755 26199 -37576 8656 65565 -13556 2356 -25178 6797 31156 -32184 -24029 -47320 6136 45266 -16724 -20589 -10626 51875 53367 -9546 -34008 -13324 -60542 44642 41122 -1936 -6935 5639 -4717 46789 -60732 -12438 32238 -14902 -9937 14567 52761 -11674 -33408 -25625 -12124 5240 -7001 18374 34076 56629 -9200 -3017 -1923 6283 -3757 2643 -40848 -31443 -5505 -50781 -34315 -55013 -21394 55752 8657 -16157 25498 35828 -10729 15124 -17302 34603 -42886 -56568 19051 -31817 -21179 3635 3138 -5987 29312 -11633 -7028 -57636 54191 -722 -4966 33564 
-102158 -80417 12478 -25679 -4908 -28168 8975 -28405 1822 4810 -31809 -14302 -77 -2427 -7132 16462 -13348 32375 2783 -13744 -45802 27357 41171 -21414 -8834 -29417 -10676 -41055 1475 -12586 58445 8538 -35020 6695 -5211 -64741 14199 -22810 -4952 -34821 58128 -17617 -54228 -1180 -9627 -21583 50898 -20915 -31348 27183 35310 46216 -17368 45794 -53870 6115 -41471 41421 47120 4001 2437 -20877 -27122 -52141 -16919 -9139 -4138 87562 65322 -96707 -13187 50417 39231 56658 30927 -13731 -27051 16987 -13482 25160 -57883 11687 10652 4336 14858 16207 -27943 66858 -61688 25828 19901 -25223 -26406 -82481 -73283 7374 -628 13474 32563 7822 
21341 -36689 22525 -13905 10902 -21221 -45532 -23647 -10762 4680 -5443 39381 7231 -10010 -3277 21927 13610 -18699 -36499 -19025 -32087 21834 48168 21327 3584 26468 -13371 -36334 -28436 37742 59629 22324 50978 -31161 -36176 51640 13736 42455 -6029 -17469 -7749 -6651 -52889 -58420 6534 28322 19757 -9262 51246 -12060 -12390 60806 -53382 -45995 -12951 2237 -10810 -67122 -27039 2077 -7400 21797 -31582 -47476 -49728 -42666 -88770 -30146 4305 7652 -12831 -24103 17248 56848 29007 27680 -4233 -37713 -34220 -40326 12829 -63040 42675 -2842 31040 -9421 -39110 25370 46814 -29071 30865 33173 24216 46284 27852 49142 576 -35531 -21546 94660 
-26604 -59894 25528 -43090 6314 16235 -94513 -61556 38110 10501 -20985 40259 1496 45033 -51538 -54856 14681 16893 -56514 -49020 -23129 69695 5596 38916 31499 -7076 33147 -21101 -12671 12769 71163 298 -3434 -27652 4835 1249 -6428 33345 28080 -3870 -8361 -26724 -10821 -37989 -14060 -15925 4257 1619 -13521 34135 -11524 5539 -19568 -23878 -58873 -31163 -9880 27066 27012 -6508 -5630 -3802 -31256 -13577 -31086 -45853 -28427 46077 -11187 -48864 18698 -3801 4490 14411 21369 -5233 51778 -21747 -8920 -33743 6524 -43592 10444 34295 31979 -4447 -51377 25631 -6866 24895 86494 -56694 50970 -59778 -32799 -16595 20698 -27951 -14744 18209 
-446 48548 19411 -31851 97673 3349 56374 1973 9497 -7752 -11539 19189 -48833 -26219 13382 -24387 21658 38216 -10239 -67021 33892 24181 -68973 -31251 -13579 26966 -9892 -272 18399 -13987 16942 21796 26134 16505 -18022 16827 21677 -36438 -26858 11551 31594 11009 -13336 -25055 -4787 -20070 -6591 9147 -15669 -4149 -5172 10859 -20112 70460 56155 -25299 -61071 7520 14674 26568 -88610 -20189 -36006 9122 -33118 61212 -5409 41185 22359 -14828 15738 1034 7537 -16285 17192 -6876 -19999 14562 6578 27661 -15729 -65282 -33119 -33358 9901 -34508 8242 -46648 -31782 19238 -15085 -24569 23355 -32739 -18466 -49760 47023 23697 -2045 50594 
-42135 24362 32847 -8287 -631 -22151 25839 -5361 -6216 -1211 -27172 5855 -56697 51625 -18175 -37428 -6184 -2848 -39664 -27549 50222 -3364 20011 17680 63759 8124 6884 8087 15963 -39932 94880 12015 -25410 3408 46598 21509 -10035 -5069 43366 64144 30084 -18881 34648 -52103 2625 -2184 -53634 24742 -30566 -80060 -2379 -52502 2762 -21359 22023 23620 27557 62857 59035 19301 -59951 22049 -32899 -30496 -39766 18217 22757 17387 -5738 -46201 38179 -369 59830 16693 14757 7366 -9642 -6368 4466 40126 31862 -14338 52817 -34396 98 -9343 -8705 54085 30100 -41989 -33433 62762 -36573 -6381 -52081 -4580 -38018 42149 -31465 -26919 
24399 34628 9219 -58012 39975 10449 -35831 -25756 -8968 -2284 14748 -18996 -98816 56346 -35058 36823 21004 38035 -22711 -15327 5989 -10117 77603 10391 -4971 11559 -7259 53718 -4539 -38137 11934 6258 -15212 -17214 32130 57734 30391 15107 -40381 13637 1667 41895 -800 275 39977 -19458 16902 32317 -26558 -8648 40694 -22472 -4811 31995 -10969 64983 -5483 -17510 12387 -5309 -41146 10514 -32186 16885 -38069 30954 -64572 -21665 -27213 -12879 -6115 88657 27271 11529 -72491 -24755 62424 29347 -30857 8703 16234 -395 23911 -21898 -3367 9259 -23820 26489 -23627 -49811 -6937 -42025 19750 2629 -16048 -5922 -39632 23125 -39596 -13793 
8014 9970 27137 986 -6111 9336 -6390 23755 -21126 -24634 -15530 -28369 -24895 -36518 18282 21735 5082 30305 -10218 -26178 25930 -51310 -20057 -68958 38458 11602 557 -51894 13311 -48822 20569 31517 -9741 42130 -36764 -23484 -3588 52622 12587 -5266 -13551 620 6854 -10456 5399 -24083 15201 1727 62622 -4501 -40378 14899 -29024 -43630 -88825 -27202 -28744 32690 -69839 15167 18224 4760 40483 43195 10313 -50477 -27119 34850 -38895 -724 -16875 -15500 41156 3564 -2927 -1888 13008 -68228 45315 766 -42695 23846 -27381 -3227 -23054 10233 -4277 29277 -19271 -63954 -1147 5939 48420 -12632 -51466 -18345 8439 -37934 -17886 -37644 
24883 -41310 -118919 7053 -78385 54177 -30378 15618 44502 -32154 -1481 19158 -11866 40587 -31958 -50402 5467 29206 -25395 -2869 5440 20449 -48787 43865 35750 46203 28117 -5709 15037 62252 -11995 -7952 1743 50921 37095 -38637 60662 -7862 21259 -751 19844 3400 -13343 -14052 -12790 52590 20364 55055 31629 2172 -14993 53697 76065 -44691 -1403 -36638 72089 19834 35216 -76983 14463 45838 48387 -13421 -82953 -49671 17912 -993 -30062 56101 -31108 6424 33407 29843 14243 33801 6208 -83614 -24763 -7742 -33509 7989 43064 1492 -13246 76101 48209 -1760 3962 14692 -39236 24042 -31797 64353 -5927 24661 44942 -9698 -31866 -51104 
-20242 -17440 62795 21214 22948 -35399 16185 -16157 -10240 -31772 -39420 -47132 -21433 -13215 19568 6527 228 -42916 12791 33944 -6205 2907 -4305 -4973 -4622 14978 -42107 -25434 -59028 -56930 12150 -23736 26338 23502 -9075 -76028 -20217 15372 2411 26258 69997 59092 3092 -6007 -10731 -64847 -18009 -28358 -29552 -30634 -10668 -20978 24203 6915 -68149 -31357 -37817 18120 -27152 -40417 -732 3810 48136 -31648 37930 9730 -38155 -8479 76555 -49504 27313 -42900 -10274 -12566 -54180 23697 39433 -46384 -2341 -41304 14852 25890 77316 77322 -1215 -21029 75660 -43103 -3347 -6163 -12969 2410 -29545 4518 -41854 -18158 -5873 3590 -34890 28549 
-37868 34114 -2393 -23932 14384 -39738 63325 -5825 -30122 2658 -38371 3867 7715 -82326 44651 7038 -58006 22901 30814 -27865 -21138 -42989 2547 -35842 -9750 -42798 15986 -33969 -34360 75848 -36339 -21942 -46829 -9120 -18622 7599 -43532 42071 32951 6039 62406 10834 1551 -37685 9930 -1787 35575 -15151 -30476 -62895 38014 8591 19613 -33196 -25279 24511 -56628 -29446 -6857 -68480 -69652 -12361 97088 24005 -2059 19230 -2833 16147 -21570 -13512 16104 30037 -64554 33666 -47568 15119 28459 26439 -16863 1242 -21399 -16638 33101 45720 33915 27530 18933 -38166 -43531 77878 18909 67479 -8309 -21103 -2166 -7602 -72749 20195 3491 32112 
6016 -7558 10140 -19358 39981 18716 -42371 -45727 58317 5983 -19915 2993 12443 2380 -17269 -47476 41574 34470 -11568 -41671 19540 16795 -13535 45001 -15803 22301 -44354 41056 -57151 -20840 47287 8182 36829 -570 14265 24771 37026 -43825 40461 -3095 14350 11275 -14043 -35366 -15500 -17150 -5828 -1782 -48209 29689 39969 -5359 -17623 39011 -53717 -44479 26212 -95 9681 -44136 20314 -43545 9701 2050 -9489 -65923 -36693 -41775 15008 -4534 47866 -36223 33047 25012 -15932 -46735 -18405 -46875 -60893 -10702 -10028 30788 49239 -71 -15761 -68327 -1671 37176 -26505 6431 19775 -39959 -23500 25386 -10165 -7162 -4860 -21397 -56558 -43665 
53037 -57191 10005 40968 17325 45860 49769 21874 -48181 -6226 -28444 -26462 57235 32192 21148 -16164 17512 -57620 -11197 26901 -9902 42914 -42848 13020 2326 65655 -39904 27649 -6660 -30770 14198 -29119 -20664 25239 23385 -11899 -47579 16432 18640 -10985 55166 7432 -23339 26214 31411 33478 -397 -12055 16761 -66854 -38390 28089 -1360 23546 -17334 33840 31213 -32977 43575 -7701 21352 -2020 46067 5916 -365 -5741 57483 18604 -10162 36480 3680 -21124 -27958 24113 37963 -17134 68845 2850 -7551 -24535 -1814 -24752 -40920 8891 -62169 -8234 -39013 5426 30431 102986 42041 -41931 141 9332 15956 53705 -36993 12351 -13128 39643 
44171 19661 52988 -23857 21416 10819 19203 8201 -23680 -23509 13428 33919 -58752 -15006 -91 37477 -2817 17982 25166 -40250 -2200 -27567 10069 58343 -57827 89778 -8058 31399 -72759 -53197 4537 10138 -5737 26259 7082 -6984 -11220 -43903 22443 -23853 -59920 -5168 -8208 -27290 -9371 -14106 -33959 -32234 -47676 -42107 -20294 -26660 -36744 -33815 9446 19126 -55687 -35691 27529 35390 -12147 35439 56546 9806 981 17523 32036 86247 11898 -4762 -31927 -11806 14704 -64654 5245 -45321 31994 -447 8711 21365 1316 24026 18633 -41290 57542 48289 -8626 -49533 39970 11889 28782 12274 35380 -17417 12249 5954 -15323 15155 -6418 54252 
-13981 -7212 -5664 -10239 44741 -4921 3979 -45499 3446 -5464 -61883 -27084 59147 3706 -6026 -1786 16549 50342 -21793 -831 -47163 8490 16563 22374 41052 -7154 63931 -16989 4991 -7838 1759 -19766 -4701 18459 18734 2386 28299 -25539 -40695 -27737 -20470 -7128 40061 -44554 -30203 -11886 6386 42994 14265 -27109 5762 -16906 41806 -3392 -13869 -30480 73722 28367 47423 1216 -11455 7553 -15542 18027 -19065 -555 -45990 -2078 -1312 56 -13088 32323 17369 18009 7719 9049 -18061 -78666 46707 -46610 22699 -18159 28939 -1258 17092 15673 -24773 18926 -37754 -17415 40033 -51794 43463 45510 13341 20646 9845 27502 -42038 -58122 
-34584 -17379 12208 96282 381 -27382 52872 -13922 -10158 15867 18912 -25335 36154 24400 19549 -6909 -50236 -27238 -24705 59332 -32370 -3011 -6843 -34119 24919 -3254 -21025 780 20916 38820 27621 50699 -22992 -47231 35524 8326 -21054 -1633 -37893 12287 -15524 -4419 -17233 -30557 -45412 -8593 -36668 9397 84056 27714 -22711 14800 37601 50675 6081 14159 -35519 4074 -43006 64435 11898 -25396 -49737 -25067 -7661 1450 80024 42385 18766 -8542 19866 22036 -91373 -34187 10322 -16483 52970 6696 3563 -16912 -20060 4107 -28860 -56100 -2392 -9034 -6916 61751 1566 9826 54321 11257 -13374 -74910 -70136 29434 59410 -5189 -13644 24715 
14893 -19505 17647 17732 9913 -4107 53571 46373 6914 17884 -13844 -23044 -13015 -52825 -7019 27015 26420 1826 -42623 63638 -59673 -4171 18500 -15279 10158 1214 7133 -22392 5668 8131 -45814 -7730 -68593 45182 -29326 -7357 -20639 4836 -10074 -22048 39572 20880 -6155 -8292 20444 50335 -17679 -42 4417 -34884 21351 19485 -45726 62423 45289 37557 -6525 -8652 -18270 -29735 -5250 -10063 -14071 -46267 62062 53000 -61045 -25523 -5325 -171 -37399 4859 -14381 -69333 -31332 40402 -77073 46027 36952 28220 -17797 7247 -69081 -17516 -30122 -82784 6308 8427 8843 -6582 38938 -37539 -29871 30769 49137 -7368 -4290 18543 -26496 47901 
-58135 -61692 -31838 25523 -102450 46865 20480 21404 -36833 -33773 15721 -3472 -575 21314 -32092 -17890 -23104 -47222 40398 -13690 9159 -48586 -1700 7833 23029 6425 39932 -775 14265 9244 18994 -37642 6997 45747 18928 -59405 1238 -1483 -20121 -93363 -3965 17066 -20843 25773 -18387 4211 -24707 9644 33449 31126 -29526 6378 46997 2303 -2018 -38149 3945 -2081 44747 -44297 11012 13824 35505 -29542 -23810 -55368 -17694 -31400 -9276 -35918 -51645 -31772 95553 10141 39853 7529 -9556 -45312 50676 58378 6530 50377 -26316 14678 -37047 -30949 52644 -14107 -8937 31403 -67431 -13673 -18630 -34653 -46719 37439 -19494 -7676 -24784 -14495 
18624 -63388 20981 -6393 -37584 -74793 -57764 8673 47950 -34196 11872 54768 -24647 18317 54586 826 -46695 -11517 24831 13125 -41696 10171 -15993 25722 73083 330 -24598 28122 6585 18176 -27706 -24782 30398 -25594 21429 19959 -17039 8350 40898 61693 -35290 -17718 6751 -10261 -66979 62183 23739 -8301 95420 46143 -9629 -16613 -88667 -339 -914 -3393 15693 -56421 9027 21817 50517 8333 26530 -10596 -17712 -35080 67333 5920 -19951 -5166 73907 -16534 -25599 -31397 2524 -30753 7130 -63234 31211 11791 -12717 56964 -35291 -34642 50864 -37950 -28172 -15816 80999 -21427 -21995 -36084 -46502 34771 51058 -2817 22932 26650 31754 39103 
26271 -3167 -223 53744 -17385 -21314 -9047 42383 -6281 -2648 -28958 12849 -28425 -82508 510 17393 -24309 -31086 -67180 76229 -11564 -3707 -34699 -3060 -13170 351 14482 -40956 31674 59739 -43161 27617 6286 24403 -51020 2997 1169 -7197 5834 -32662 -8497 -18897 -33074 37698 21780 60827 -725 -644 19502 49381 -39175 24533 -7720 -77689 18820 2044 -53375 -27250 -65911 -12585 19588 -28923 -37515 -21052 890 -33191 -54825 36241 13271 28716 -24803 -45398 -34874 80767 -15460 20036 10382 5442 -39624 -45678 18196 -59316 -33097 4129 35429 -19972 -26397 -10689 6583 -43378 38358 2508 -19605 -10038 30359 -37737 25765 -68513 27749 75976 
-960 223 -16660 -20816 43464 -32465 45874 -15448 -39365 -51555 46387 -32945 1735 82646 49438 -27663 45209 -58301 -6930 13286 -20710 24844 6702 -23788 -35115 -49398 52734 -44882 -69044 -3379 36741 3908 38708 -29062 -8598 39236 -53912 -41137 22236 -41077 -24326 47434 39459 -23984 -29165 53568 -453 48150 -26953 -54960 2683 37501 -5185 15514 21742 15551 13945 58168 -20029 -20511 -7390 34293 48100 37236 -27940 21948 -44609 24982 9809 78647 18698 -21954 58068 -21319 -22062 28154 -5131 -17854 -19501 -39988 -24160 16157 37576 -27925 -59012 10477 -42779 -1018 -10886 22762 18836 25104 -2296 1139 -28185 -1002 42685 6151 27195 42653 
15981 8592 -1937 -16903 -40299 -73764 73511 3718 -1883 31714 -29213 55442 -10291 -75767 -6678 9992 -44784 4092 -59576 17241 -52815 23400 -16380 -71808 24765 -2186 39918 -40089 18307 7677 -28057 9524 14790 31498 -53081 -38369 -10600 -20581 13361 -36579 16398 -26704 15447 -3351 104094 51393 -21019 -16482 35863 24253 -20130 9331 25508 31213 -5408 -33969 -49052 -16041 -10244 -62866 27635 -47017 -14559 -19797 40436 12692 -15331 -7589 14221 -66845 -36859 -24725 -6209 -5197 21988 36446 51426 30126 -3181 -20038 8806 -56000 -16888 -23267 6337 49236 33015 12023 -3325 -17011 -6049 10734 -61355 -28191 -25158 9559 5561 -23309 -12301 -31096 
