50
-99 87 45 57 -32 49 -60 18 73 3 84 43 -74 -91 80 85 -18 -48 17 -57 -68 28 6 27 94 43 -14 -61 82 -76 22 90 -22 68 57 29 17 -66 18 93 -3 78 45 68 -26 -20 50 -3 -67 -4 
65 7 -36 -21 -20 -67 -21 82 56 33 66 29 95 4 -75 -70 -35 38 -97 -71 47 -57 59 -45 -99 -3 22 60 33 -50 -86 87 85 -67 13 77 -26 51 0 -26 -18 -68 64 89 62 -33 -76 24 74 -62 
98 41 35 -97 -48 -17 -42 4 -93 72 26 54 95 14 88 52 44 -3 5 -32 41 -99 -89 24 -1 -42 -73 71 -64 -31 -97 10 -72 9 -60 -63 82 -21 71 96 -22 -64 40 -85 30 87 31 -69 69 -61 
35 -39 32 -22 67 67 -87 85 -31 -29 33 41 -22 -33 -45 -36 -70 39 -97 88 -92 42 96 -35 94 98 -20 87 84 91 77 97 -28 5 13 -21 93 -26 89 -81 86 14 4 52 -22 -53 -73 35 -14 35 
42 -83 76 39 -29 -63 -41 71 -79 -81 -39 -42 -30 -63 -63 -94 5 -55 -95 92 -9 -34 -82 -87 79 -62 -11 53 -98 80 -31 -25 45 1 71 47 20 25 -54 -10 74 82 56 -87 -38 43 -70 -37 8 40 
-33 -70 -4 63 50 74 -63 31 -21 18 -15 19 17 72 -99 74 60 55 -23 -66 -85 -89 -91 11 -23 -31 48 68 30 -29 67 31 21 -45 -8 -86 -52 -65 -34 -7 60 3 -73 -99 -49 -93 -23 64 29 15 
87 -41 4 52 69 -2 9 -95 69 -73 -4 -43 7 75 26 -64 47 79 25 27 72 -49 26 63 -78 -28 -66 -51 89 26 -96 -26 -92 62 98 -72 49 65 -82 -79 -25 61 65 40 99 -72 15 67 8 51 
36 45 -63 24 79 86 -53 4 76 -31 32 82 93 9 41 0 -38 12 52 32 79 53 32 -23 -46 39 -74 73 -32 -26 -97 -14 19 48 84 -4 -93 -14 -44 -30 -31 32 -25 80 -49 -41 -61 -74 -98 79 
64 -87 -48 99 84 -24 -75 64 -18 59 13 -91 1 31 23 -78 -40 -20 1 43 -52 35 -55 -35 71 -69 43 -41 -40 53 -90 -4 -18 50 5 84 20 -45 52 59 -57 93 88 -43 -44 68 42 -19 -87 -51 
-60 93 -29 93 -46 -43 52 8 80 -93 -20 -7 -16 59 13 52 -81 -6 44 74 24 61 -4 48 78 27 -70 -95 84 38 -57 -59 -89 76 -84 -97 22 -40 28 82 -77 -71 52 86 72 -70 12 -15 -11 49 
69 88 8 3 -92 -9 -51 -3 -67 80 34 67 -38 -77 -19 -44 -13 84 57 22 87 51 39 47 76 68 1 -39 -52 -85 -78 27 -10 82 -18 48 23 -81 7 -31 -45 -7 59 71 59 57 96 59 34 54 
-23 22 32 -56 -21 47 -4 70 -58 -63 33 -32 -97 -62 80 5 4 -79 1 90 -23 75 95 41 -62 -50 -29 34 18 77 21 89 -88 -68 -90 -83 -95 -56 69 -47 79 73 -73 0 63 -48 -75 -69 -54 42 
11 -39 -6 13 36 81 -75 96 80 -56 -19 -3 -44 -67 -60 85 -52 -11 57 45 66 -93 76 -54 0 -69 82 5 88 66 -42 -5 3 -18 -63 -27 36 -30 -41 -62 15 65 -97 32 -40 -14 -50 -16 18 45 
23 25 4 -16 -57 -41 71 -60 49 -75 -84 79 0 -6 40 65 34 -92 1 89 -11 -9 -86 81 -19 93 65 -17 -22 84 -27 -40 -63 -15 9 -33 -33 81 -63 -61 -67 -95 -4 33 -16 -55 29 55 57 -65 
-51 -46 41 -61 97 -2 91 56 21 -15 -62 -53 43 -57 7 56 -9 -35 -83 43 38 -99 -85 32 -35 55 94 -78 -75 56 -9 -2 -57 4 90 -38 -68 20 53 -46 16 -84 -42 19 -94 -5 61 65 33 84 
-29 69 -68 -9 -75 92 -95 1 66 21 -7 -98 99 -59 -40 78 57 -69 92 81 -97 -12 23 -37 -90 -13 82 -83 1 67 4 30 58 82 -50 -22 33 -35 -58 -12 45 41 13 23 -7 -35 -45 -56 7 85 
39 -90 -49 50 58 -90 13 25 10 -32 78 -52 16 -35 48 -32 8 -46 60 -42 -84 -3 -12 7 75 45 26 -95 -71 30 83 -45 72 96 -75 66 -82 66 31 -60 -32 -59 85 20 -43 -16 -40 39 -4 74 
39 9 -21 -62 1 -28 -81 56 -97 21 -3 -38 -88 37 75 96 93 54 44 9 8 34 83 -46 33 95 -34 42 -45 38 -79 -42 79 21 64 -84 66 20 -8 8 67 -60 -82 28 61 -12 42 26 76 -70 
-9 -93 2 -27 -4 56 72 78 25 94 -55 -62 98 19 38 54 81 -35 46 -68 56 -86 -85 -19 -36 -22 -19 93 -52 -3 -29 -30 25 -9 12 -84 57 92 37 -94 28 88 -83 -62 -39 -64 51 70 53 -82 
16 -87 54 -18 49 26 -15 25 -69 -61 -57 -15 81 16 -74 26 55 53 -2 35 -94 73 51 -34 73 -63 -19 -86 -66 -11 -84 66 -70 68 40 -48 -42 -11 80 -21 -13 -2 94 26 66 -63 53 -98 24 69 
-71 -77 -63 -25 79 -63 26 -73 -51 -47 -21 27 -17 98 21 -67 46 -43 3 76 -8 -91 34 48 -87 89 -74 30 77 38 24 -52 71 -79 66 -99 13 -65 67 -70 32 53 29 -34 -49 33 2 2 19 60 
-37 -7 -24 15 40 24 88 -66 70 25 -19 51 -25 -36 95 -12 -23 -33 -3 25 38 -4 -89 8 68 -52 -43 85 64 66 -51 55 91 5 -68 30 -86 -39 91 -79 61 11 -5 19 -58 25 48 16 -35 -77 
-46 69 -12 74 -25 -61 -38 -57 54 63 -54 -51 6 -2 56 -59 74 9 47 50 -31 1 69 41 -73 83 0 65 88 25 -62 10 -78 -10 -85 72 65 -34 -78 -47 -57 40 -4 97 7 -63 7 57 63 9 
42 -82 17 -6 11 63 31 47 -92 50 24 30 -52 36 -16 -27 -41 -2 -68 68 -96 73 96 17 -89 -73 81 -80 -97 44 -62 13 -83 16 43 -90 -49 -78 74 -23 98 -91 -26 44 63 -31 -66 0 -56 82 
-30 -41 10 97 -25 -76 -67 -56 4 -10 -18 14 49 -67 29 -38 97 91 28 24 70 67 88 60 32 -62 27 6 -53 -84 -30 -8 91 -59 90 -21 79 -46 -86 86 -6 -82 -37 -17 59 78 -44 -1 81 -57 
1 73 -55 -89 -63 93 79 -16 -67 40 -25 -41 85 84 -18 -81 -62 36 23 -36 -11 -12 53 -61 -23 -77 14 -46 16 -64 71 -71 34 66 -67 91 -82 22 -30 -22 -52 -72 18 -34 81 -51 44 -78 26 15 
2 70 -29 -87 25 -52 32 37 66 59 -58 74 -74 47 41 99 -79 -73 48 23 5 -82 58 87 -77 -31 96 69 56 -88 -25 -42 55 -12 -50 -51 -64 -27 20 27 19 24 -57 81 78 88 -53 28 -97 -4 
93 -98 66 -74 57 -35 -90 -72 -50 28 -87 43 15 -63 -64 -40 97 -45 55 -98 -26 -45 -15 -59 46 -81 79 40 91 -60 -79 6 98 -38 15 -13 20 39 -15 0 70 -34 16 -64 -8 -82 39 25 -2 11 
-33 83 8 -90 -9 97 20 -24 56 85 -44 -51 -69 59 50 67 21 -48 33 14 -68 4 34 -11 85 3 94 31 80 17 -21 -36 -35 -66 -83 -53 41 -23 -87 6 50 69 -94 -68 -1 -10 87 -21 -94 -68 
-70 92 42 -46 -37 31 82 -11 -7 36 12 -98 -17 89 58 61 37 -50 56 60 -13 59 13 35 -85 64 -96 -40 -45 86 64 -33 -46 39 59 62 -75 57 -48 -33 35 54 -94 -95 -37 92 35 4 -78 -38 
-3 87 48 14 11 18 -28 14 5 -75 81 -58 75 92 98 -21 -98 68 -66 -74 -53 6 49 -97 -59 -20 -46 -29 -6 96 -64 -7 8 -3 -81 -23 -47 -81 77 -52 -27 -26 -27 -7 93 75 -34 -64 70 -25 
81 -8 -30 -32 -59 -39 12 80 -66 22 15 68 -80 13 -55 -9 95 -49 65 34 -89 58 -8 55 14 51 -11 -57 39 -40 42 -21 73 40 -36 48 -37 38 -73 87 -39 38 -45 -88 64 20 41 -70 -43 35 
17 -80 96 -96 24 48 70 -44 -59 52 14 -66 75 -57 -39 85 -8 -29 -19 -94 3 75 -93 -28 -82 -49 38 45 -88 73 -39 -41 -10 64 -58 -65 11 -41 84 -26 43 23 -68 -34 72 -12 -60 -98 24 51 
6 31 72 -81 54 9 -14 -34 -13 12 15 9 -90 -54 76 85 94 -97 -59 58 -52 72 -97 70 -22 -70 50 -31 -46 -37 10 73 -5 44 13 84 -34 -40 23 6 -60 -59 -75 -78 -47 48 20 -72 -47 -82 
-86 80 -40 -88 36 73 87 -73 3 -1 -41 -97 81 13 50 -63 80 -98 82 0 70 48 -67 14 56 56 -15 -50 71 65 57 52 9 -48 -29 -20 10 -29 -63 21 -27 -77 -79 -82 79 -91 -48 64 44 32 
-6 68 80 61 -47 -22 10 -78 -86 93 63 -96 -36 76 20 63 -93 -3 -34 -33 18 -93 -22 48 21 -32 27 63 96 10 51 64 -35 -3 -78 15 -70 6 26 -44 -75 -45 74 41 -94 55 48 -63 -93 44 
-39 -72 -99 -29 -48 75 51 -25 -76 42 89 -79 30 -84 73 -84 38 5 -59 -30 61 -73 18 -29 93 75 63 -50 -87 86 -10 32 96 -87 36 34 7 38 -49 -42 16 -63 -49 -28 -46 34 14 -17 -79 58 
73 -31 49 62 3 6 24 -4 94 83 76 91 54 34 -13 -87 84 75 -34 95 70 94 -2 -28 -88 -31 -91 62 22 -80 -25 -71 98 -68 38 -11 -27 -44 81 57 71 10 45 -6 11 -48 25 -18 -78 40 
33 -61 -92 62 5 31 -50 11 25 -94 16 75 -17 -99 -6 -51 -79 61 29 11 -72 43 -56 -89 -23 30 -18 -17 -15 -31 33 98 58 -81 36 -32 90 -70 -78 -37 -53 -67 -77 96 40 -13 21 8 -97 96 
-46 58 67 65 74 -5 4 97 -98 -45 82 -82 -14 -13 67 -81 -85 -55 16 -55 30 49 30 -93 84 58 87 -68 -15 58 -98 39 76 79 56 99 -27 -95 -96 -40 -14 58 -14 -65 -42 -63 -63 15 74 21 
-8 81 24 58 12 -11 -76 -1 -86 -60 -28 13 80 98 68 20 91 -18 27 43 37 41 62 -23 68 -9 8 73 -14 -51 -3 -6 72 10 -69 -58 73 -67 6 50 83 77 10 12 -84 80 -47 53 18 -53 
37 40 8 28 -97 -40 87 -82 5 -47 -19 54 -25 15 -42 -7 -11 11 -92 24 42 -90 11 75 79 -40 -69 51 26 50 58 22 17 -41 0 3 -40 -49 -22 10 -34 93 66 64 46 70 -70 25 54 -58 
55 11 93 34 19 60 32 -77 26 -60 67 42 16 99 57 -45 -91 -88 -35 -77 -79 91 -80 -23 99 -94 -70 -27 45 29 -78 40 -31 34 95 -87 -54 85 -62 -71 15 -60 -66 91 74 67 -3 14 9 -39 
-73 78 10 -18 -26 45 -16 -32 21 -34 -57 56 4 40 78 -31 65 -72 -60 69 11 -97 25 -29 93 -45 59 -59 -47 19 -44 21 3 -85 -16 97 -19 -94 3 -95 -3 -11 -91 -45 -76 -30 63 14 98 -41 
65 59 11 66 93 16 32 85 -22 -66 -79 81 50 -41 95 93 29 -19 9 -9 84 -37 12 74 70 -31 -81 89 45 34 -30 -84 95 31 -88 -67 -28 57 -91 34 85 -13 -22 -60 -96 -98 52 -30 -92 41 
68 -98 69 -12 35 20 4 3 34 21 -7 23 -64 -66 -16 -45 28 -15 58 -65 -36 43 10 36 -56 96 -91 -24 -67 -70 -35 13 -82 62 43 -47 44 -13 66 27 -66 14 -77 -97 -74 -86 65 -66 27 -73 
61 87 -82 55 -33 17 53 86 -31 32 -54 -12 -10 30 59 -70 73 92 -99 -38 -77 5 23 14 94 -9 -45 -14 -82 -4 -83 -35 70 81 -96 -94 -57 -75 19 68 -31 55 -93 -78 -50 19 12 -12 -63 -28 
10 96 -46 31 -78 65 -53 1 48 -25 -35 34 -12 64 21 13 -2 -72 -90 82 34 98 -29 22 -18 -62 60 38 -98 -48 59 -46 -12 -96 51 60 -71 39 33 -89 41 67 12 -61 7 -47 91 -92 25 16 
-51 -54 34 64 17 42 15 4 -85 -60 -62 31 -23 -7 65 -71 -45 -88 19 -98 85 91 52 81 -25 -75 -44 -75 -24 53 -44 28 -78 97 -94 -53 -71 17 -72 -80 85 39 -60 -68 -62 -92 85 7 47 66 
52 -17 14 44 -56 63 82 7 93 30 -54 67 -95 49 67 -17 76 91 -95 -19 -9 43 -76 -85 73 -11 -29 -18 36 9 93 1 -36 42 -91 0 -10 -47 -58 60 -40 88 -80 28 0 -70 73 -23 -11 71 
