50
-9332 33563 -43542 -22252 -9541 -4287 -6292 20802 45625 -13909 -6592 18379 -14284 -14567 -15360 36038 -26023 -2054 29327 25191 -25866 -28363 766 -5709 -8323 39374 12857 -27229 36223 4956 7541 -17492 -21 8950 -14424 11688 -12590 12769 -20513 13890 -18616 -1238 16441 30230 -1345 5025 15125 -1770 -45782 24831 
35586 -3636 18429 27857 5363 -22975 -46402 32101 -28673 -34470 -1937 49966 -38078 -25098 -6990 39002 -14814 -17036 24103 16907 -12888 24170 5121 7719 48889 -16059 11637 5383 8328 -5298 -13474 10294 4734 13512 -27390 -19406 3677 -31294 -6053 31634 -2221 -17390 2512 17621 1530 -4681 -14518 -17097 -2693 11826 
-9539 21414 -18646 -16458 -5686 -22140 6241 -21115 19879 -33848 26741 -20524 -1143 -15356 5456 -17549 -34589 -49255 13976 -22594 1885 -9187 -1893 -9038 -7402 14628 18476 -34479 -4655 -1039 -12643 -22324 33362 27196 19382 31543 -28118 21123 4855 -17314 -22715 7011 35078 16025 15946 -506 -27519 -18039 14266 4472 
-73 8095 23391 -39989 13644 11369 40297 -31371 -23299 33150 -11952 -22185 3986 42373 39298 28538 -9712 -41926 2709 -37476 -8419 -22986 -44054 16537 -15769 -58791 811 2492 11808 24286 204 -22085 -5187 -517 -11788 -16260 -42994 18602 4965 11683 18682 -20924 -20393 -45876 21118 36452 15581 -14825 -22670 -17608 
-7860 29412 21600 -216 -36149 17765 33161 -4423 727 3988 -5520 -407 13750 16182 39882 33082 2612 -9008 -7269 -20652 16260 -33358 -46717 2527 570 -1618 -41046 6150 -5562 29421 -14669 13134 -17648 9056 -27647 -30740 -10778 728 -23376 -13447 -11164 -1256 -30930 3165 -8012 15098 34250 4358 7828 -7427 
34794 -19300 23157 -14517 27461 32909 -8203 -16552 -28047 -10892 18385 -1625 -6163 -35041 41862 -1895 21298 -9216 -5392 -41268 -15946 3506 -38419 -29183 86830 -7402 -9676 -561 -15366 33961 -44409 31747 13719 31045 -9274 -13675 -4248 -27683 6435 -1071 -2318 7840 -14151 -21296 -15609 -10173 6801 -16660 4445 -23636 
-17217 11927 -5413 -30206 2147 33312 24955 -16298 10685 8048 38134 -55671 22651 17846 42161 10149 1878 -17398 27400 -36334 -19347 -10231 5047 -14975 -27261 15030 -15282 -41819 23475 24617 28729 -7251 -22605 17044 -30026 -15391 23980 7457 11852 2012 -11089 787 -10078 -10071 17114 -3621 -7355 -15771 -18047 18018 
26581 13288 -7998 16743 -22557 -219 -9825 2502 22061 -39467 3086 10637 1204 7899 -24994 -11911 -20845 9803 -32925 22065 -28935 -6360 -20299 -18493 -182 18087 1855 -13157 -32237 6507 14527 1217 -10722 -7083 6832 12103 -12110 19145 -11335 -39306 -30267 -21900 1791 10097 -18257 3218 5402 -11370 13091 9006 
-14295 -4008 -34418 -20056 36996 21025 1206 39759 3720 -1072 -19022 -30272 11138 37407 -12738 -24553 17806 30829 29300 21303 -12038 17077 53015 -15994 -18913 25326 7690 -14514 27135 -5975 2414 -30043 16243 -12418 6497 -57430 12813 -23964 8709 38808 16494 -1324 -41960 -35787 20778 -18419 -24567 17079 -11942 -3250 
7732 7499 19567 17347 -1013 11905 -5114 -20731 17505 6943 37097 -5560 -2566 13239 -2827 3469 4595 5434 19932 -65469 -8493 6528 -6492 -4088 16640 -11426 -7284 -47119 41779 -35785 4720 17226 10484 47792 -14759 -21191 -2038 -19351 1333 29864 -36125 -14596 3802 10747 7709 -9124 -1473 -1360 20635 1147 
-12908 -31467 811 2637 13347 28717 7804 30546 -26962 -11821 -14361 -14323 37667 -30918 -19991 27162 -12137 -6490 -41532 -493 1215 -23326 -7426 -5143 35151 -35353 40891 -11076 -37322 32301 11231 526 8677 10025 4850 -11094 3506 -6542 13869 8116 39888 501 18498 -30026 -26062 -14163 -18540 -24520 -184 32240 
10212 -12264 34916 -29885 -17792 -26107 -739 4808 -27377 12109 5957 21654 -15271 -10990 -5735 7353 -12977 -17599 -24464 -4308 -35916 159 393 25466 -5377 -9035 7900 7238 -16859 -54258 17277 29328 -41028 -6751 30673 8521 31 29096 49288 10678 -21906 -24682 27110 15104 13753 18808 10897 -25476 4179 -24480 
412 -31744 35723 15224 289 14873 2318 -2264 -11933 -27041 17200 -12955 45208 -30180 -10255 -5819 1049 -10173 -25319 -1771 -34629 9352 -3137 -13498 27441 -16787 -15555 -34825 -15821 15311 36325 20246 -3477 21446 13930 6320 15539 1613 5914 15954 -399 -31754 14021 10303 -5111 -1091 -20445 -34246 1212 40267 
-7043 19691 -12632 54667 -29107 -17110 10179 15852 28545 29739 -9306 -7134 5395 14032 -745 -9379 -17487 10273 11784 24051 17096 22448 -3375 -1518 -6376 -10140 11263 3289 -32771 -9743 -35387 -36878 12499 19749 -11037 -9113 14670 -49663 -14137 27950 -10252 59376 -4542 16822 -7116 46488 -8496 12329 -11991 -4250 
1197 5846 -4872 -5677 -9645 25180 -2629 4313 -17290 9447 36106 20108 -58099 12370 27591 -23125 -36677 -13952 7933 -10029 -18547 2782 35887 6566 32444 9882 18679 -72234 12250 -16790 -476 31222 -35350 42908 -31174 32770 -12485 -39819 22683 -15667 -36486 11434 3817 3023 -8204 5775 38911 -26185 -23291 33048 
-2116 21151 -3964 -4959 -17953 -9421 31679 828 12263 936 -10974 -19346 -4067 -3879 -12228 -9011 3803 -4239 -38954 -4409 12254 -13754 -20681 3976 33656 1847 26504 -3042 -3590 26373 18701 5299 18998 -12087 11547 67705 -18159 28386 -50400 -3315 -30343 16413 -7757 -45154 -12495 13923 -3119 -3935 9296 -41923 
892 -28509 -12542 -12201 34003 -29226 -3040 9912 -50289 13603 6023 -39676 30362 18864 15506 -14468 71298 -5483 22538 6456 -6291 -8539 15906 -2776 -11879 41640 12477 10837 -28145 14774 5908 -47125 47592 -21326 7863 -6662 24825 22604 -7645 13743 21432 -18584 769 -59536 -15545 -2155 -30594 16098 7956 -4197 
-13731 20340 32392 37844 -12150 -28329 -9661 -735 -18618 1656 6098 16899 -23520 7783 5130 -8503 -47699 4389 -18205 -57201 12638 -9291 6713 2201 25947 -54563 -4049 18789 6738 -32859 -8114 7422 18225 9505 -46828 23653 -7432 -34886 1383 27863 -3468 13866 9697 -22769 -20146 39899 2687 -17856 26885 -55998 
40552 -18097 7605 1586 9142 2561 -35005 -10393 11382 -24086 -33250 45495 1569 2790 -14653 8181 62170 4634 -7250 -9378 -5319 13517 -3894 20779 -17280 6709 -12793 20120 17112 -9113 562 21363 -22392 1233 15304 -6934 -8545 36337 -31924 -15169 -2288 6737 -3300 -5461 7755 -76247 13241 15 56393 -4088 
-30681 -6557 -33600 8216 -7157 -7380 13167 -10078 21394 10781 18859 -12262 28790 -1055 36037 -36566 22339 -23444 -4911 -948 29355 11640 -8950 -28965 15549 3926 7288 3019 -25860 -17210 43856 -9579 79363 -24559 14381 53868 -5213 -1197 12357 10036 -4661 21812 19102 -6251 -19324 17655 -13402 -1182 2383 -21771 
34567 -36023 24013 325 -18516 -5328 -38846 8306 -10374 42528 33960 -3504 -53295 -30715 -30063 23843 3530 26133 39405 -23355 -14370 4076 -7150 -19579 3303 -10071 26394 -3066 32123 -43421 -10617 -3399 27580 13281 23071 -18519 60571 11287 -36091 37519 12958 -4017 -1692 5847 33143 9723 17861 8007 -45416 9197 
-17981 -49895 -4775 -6680 11437 -28349 -13398 21837 4459 -294 -10765 -19235 -35273 -29256 1412 -978 43589 -28250 4414 32548 -24067 -18387 -7700 9304 6823 1397 17078 -28041 -21390 105 -1455 4442 10926 -10968 25830 20893 17504 -1835 16519 20916 -7794 36398 4698 -57981 -34365 15533 22303 -25165 -4895 -28830 
28802 -8352 -5650 3703 -3767 40114 19697 32695 -3400 -12745 1121 2520 5779 -33622 9002 -3753 6400 -22225 -4756 25812 -25217 26369 -7993 -6186 12597 17434 -6749 6242 -35606 57421 3507 -3524 3668 18005 -20965 -27358 7409 -9733 -31496 3957 11834 38508 -49964 -6821 -8882 9852 -52734 -8342 -46636 26198 
2648 34583 15206 22472 -15473 -45604 11246 -11069 -4257 11259 -810 7658 -57596 33535 41805 24086 -12759 -23153 2685 16431 12851 -21317 -803 28108 25401 3998 -16836 31925 26500 17085 16037 -41684 4409 14059 -27046 28393 -24397 6185 738 7500 18642 61424 40193 6338 -15021 49181 20410 3281 -26363 -4463 
7303 10362 -12316 7899 -10253 -10742 -22423 37447 -15349 16116 26642 -13825 -9905 -23954 -16307 26837 -14382 15642 -649 10624 -28462 -7958 -20354 -31830 15250 -2657 6394 -1867 -27340 -6998 19727 5048 20215 37823 -8087 45624 -7727 -22565 17434 42010 -18206 26048 40934 11554 -14723 33216 -21728 -26141 -31317 14593 
-13911 7923 -30773 -3704 -18845 -22137 24178 -46959 -21668 -13888 14790 -3727 -56780 -7731 14354 -40904 -25988 16592 20439 980 -18 1258 21336 29770 -26482 64969 -44757 -21692 18884 5677 7107 3806 -25416 2875 18080 12016 7225 1725 -18143 -4603 -50538 -8165 12016 30356 15602 24207 24269 6731 -12235 -15030 
-19853 -14221 8494 -12200 5074 2387 11945 -5845 12490 11315 -4030 21952 13082 12691 18368 -4415 13971 23757 -19449 13848 -12177 -4175 8147 -6097 -13081 16858 -3543 16220 17522 8887 2680 17957 -8221 -35384 2781 -40831 18783 -11183 26356 -19303 38437 -40733 -23191 32876 8006 3394 2485 48265 21813 -9911 
25150 -25417 1884 -18685 48434 -15120 39035 1325 -17240 5144 1277 -19846 -4198 3526 16524 -10432 -37524 -14049 183 -4045 -17401 9242 -24909 -4449 1025 -14616 1874 764 -29568 7298 -48101 -23722 -8090 27102 10761 -9634 -31898 8712 28678 -19726 -29151 -23775 5256 19717 13874 -1632 -6464 -19849 -36113 4841 
-18959 425 -12829 -26702 40247 -11908 -5916 7589 -20214 12591 12329 7709 -23394 -49968 22781 -19011 -12139 -19895 29374 -6473 20367 -5966 50199 -2609 26562 52282 24093 6268 7372 -11164 -15399 3375 75167 -3796 33204 37751 -4919 -1771 -16641 -7675 27888 -15785 -13869 -7495 -44336 12149 -1686 11508 -51975 4439 
43418 -68088 -2583 52828 -3226 -966 -29596 1125 12761 -33347 -3566 26099 8676 6974 -30996 -55706 2814 31926 -35444 -8910 31294 -5831 -7726 -26234 49618 -28670 -26675 13941 -9162 -4283 -17758 10618 21830 -31692 39811 -28496 18445 11339 3511 -22558 9418 6105 8518 14217 11663 -24314 4532 17312 26812 10486 
12154 7445 -7887 26091 -3231 -12670 -9568 7592 -20442 -15666 9328 11784 -12081 -8807 6929 -35357 -23889 6001 -19477 47351 35717 27788 26081 -2658 15487 -4356 -13851 16749 -17559 26576 115 -18746 16738 -32638 21937 34857 -21081 13484 -3770 -3943 20245 -17090 12376 2777 -12293 36837 -5583 -14851 -14597 4913 
-18532 -44294 9060 -14151 7286 6040 12043 1250 12608 -5288 -11452 14135 -3616 20348 -35990 8052 1833 -39479 -5848 13503 -9980 -4819 7550 -963 -9443 522 -4309 -10881 -6070 9378 15500 -14272 -6337 -6043 61460 -8859 -19901 32818 4749 -1745 33393 16600 7264 10316 -11270 -10954 -17105 11268 -8842 5899 
3648 -30378 44075 -15468 4783 -1041 -8651 425 -16150 -17280 -9443 26486 -25415 -1474 -20459 50949 9741 -15265 -26880 6359 -14091 -28317 -19131 -17691 34455 -17736 -1170 37698 27636 25032 12653 5087 13694 2576 9778 -28916 15043 1758 37940 -16810 59581 48551 29925 7501 -9848 -3649 -5810 488 11699 6809 
7417 5942 -41129 9325 20085 9388 16642 -13567 5335 -13779 -28707 689 19200 75165 45617 12346 24924 11818 17871 27380 13581 4018 -2844 37235 -11098 25745 -46586 6652 -11788 -7910 18601 -47026 -34593 16414 -17655 -43954 -7515 18139 12558 -6161 -27673 1082 12124 -9314 -7685 -31230 39737 -3750 -19481 5751 
-45715 -18288 17530 -2417 19846 18492 33237 48060 -17201 7879 3982 -12939 -12014 -2416 16012 -17077 2362 16258 -51143 -27425 -3119 -18692 23840 -4724 -39120 8826 7608 4713 3000 19518 21916 5105 -8230 -12770 -24037 -3810 -27365 -28141 28241 -11800 32490 27274 -45089 -38576 -26400 -24649 -10343 3878 17853 15498 
-21795 -3441 7344 -31364 6361 28763 -23239 18799 3222 27300 -22881 758 -38623 -17704 -18654 48115 44008 -24373 25292 32391 -28947 -5344 -14653 214 -26783 49670 26827 -3426 8490 -6726 26580 28190 -10633 10968 12692 -10068 13412 -30670 7957 -13565 5109 44148 -43119 -12477 -42975 -23732 24746 1623 -14262 37560 
14327 -23047 29762 47506 24677 -34339 8416 -14513 -14155 2636 51494 -10461 35447 23866 -130 -23260 -19976 57855 -20976 -38884 -16581 28244 -17546 -29726 4914 -2075 -53283 26932 4385 -15934 5398 5173 34626 9388 -12845 -7272 19217 -11618 37485 4647 -11859 -23841 37661 19687 -2136 32954 -11708 -3841 -15979 -5885 
-38648 -50357 -13286 -4022 25573 4922 19465 -7951 -14355 -6096 -24650 -16541 -5803 -36912 10715 -57542 45091 -1582 -1895 59198 2729 25776 -10672 -442 -511 29589 6923 -44015 -39220 30974 9227 33102 -6695 -5913 38722 44842 2777 -23456 -5764 -29094 -10393 -6295 -17244 -30784 -33771 -3527 21083 18046 14646 5010 
-52118 9747 23115 9588 10931 23520 8448 2235 13285 -22049 -31120 -3614 9627 -45383 -3759 23105 1769 -32237 31327 10849 7058 40829 -7733 24677 4820 41207 -1256 -49730 -13435 26457 -21658 11794 -48679 53511 22020 -25504 17570 -12035 -7495 -14387 -5376 -8433 -32422 3132 -28975 -39409 8606 19012 34657 25339 
7535 -25642 -680 -1092 7218 -24503 25861 -19071 -22502 1098 -21144 20836 -7568 -8817 -36083 -27689 36037 28578 -42436 -13765 -4522 1451 -34189 12823 6534 29700 -33770 18474 670 -11867 28223 7573 32261 -11898 21705 35567 -26254 11228 2795 2172 -21036 -17018 17457 -36566 -20541 -22621 38575 -13887 19220 -11334 
-3031 531 4246 5202 -1113 21546 28590 -7967 -10032 14183 32510 13897 -12167 -49235 -17666 -23336 26100 -7442 -8245 -23025 -4451 70083 -9513 18908 29764 -43 14919 -21732 -30635 -29591 5285 32692 23712 -14613 5265 30198 -63412 -23342 -6124 4179 -3330 -26328 -14119 -23165 6741 -50702 -3837 -15600 -27953 20849 
-43692 -19363 32112 -1959 26155 32310 -17166 -32525 12539 -34721 -14495 -40881 7991 -45447 20443 9590 21722 -55854 21149 21138 13792 24332 -30293 -25979 13076 16403 42638 -32966 -18417 34750 -3745 33494 -28724 11324 20428 21088 15092 -5369 8135 -62985 4128 -6839 -10629 -966 -47755 -60306 16624 3444 43738 22228 
-16495 19160 11049 812 18945 12256 37719 7441 21004 15065 -35093 -7056 29891 70534 14185 17542 18980 1589 14837 4674 -27469 65 -8774 -268 17831 10033 -13919 -12979 46986 -8155 10701 -40430 -36614 11924 -1214 -30432 5171 27383 -3097 32784 5607 -8809 4850 4037 8505 -33986 34612 35470 -19459 1520 
12115 6250 45696 943 -11099 4832 38120 -29085 28487 9725 -23671 20313 -12383 28154 31017 34739 26661 -63 -54059 -21288 -19864 -42915 -42735 38136 31773 -20668 -11288 12889 -11431 -13313 11775 -6485 -48219 9480 17080 -31387 23414 14587 -15444 21600 -17906 1622 -33377 -18139 -30716 23169 14451 22132 3359 -69832 
-3306 41670 -3667 19028 -33817 -3314 54386 -29536 14339 25644 6580 -1955 -4990 28632 58154 -16141 32456 12821 20898 13954 37501 57568 18331 23010 -7640 17283 -16559 -19502 -8836 17369 -54894 -38205 1126 29661 -23457 -2412 -12710 -23990 -21697 22836 -24955 18241 -32926 5644 31585 19800 5139 -1332 -2659 -23725 
13911 7442 -4721 19790 -2266 -44135 -7512 -32572 47954 2719 -1892 19215 54821 16017 8396 2201 787 32725 19456 -50363 -5692 -21049 -13247 -26528 -34252 -20039 -21851 40795 7509 -51779 663 -5891 35834 -2847 -13072 17392 5606 14039 -2239 20182 -46227 -11305 5087 38810 -7387 50673 -30863 9691 6097 -52116 
5197 -480 -8277 -53360 -6493 11521 24812 8146 -1564 7084 -23744 22741 21504 -19781 4616 33698 319 -12293 190 4343 27142 -19292 25589 7954 -35460 -21738 1212 -6836 -19504 13043 -25063 -21979 -8695 -3992 -56314 -21093 -39501 -5183 49403 -18295 21953 -12744 7510 307 -1624 -22721 31969 -51589 4071 35681 
4494 -3794 12958 7810 -2818 25061 27773 -12659 -27421 -4849 6021 -3847 7527 36559 3562 -32500 -24310 -14339 168 -17737 -14327 15113 -5083 32217 -10554 -13090 -72534 -14480 29442 22644 -25257 13029 -73883 48139 -26716 -53345 -11821 -18727 35051 7457 -10513 31539 24482 -3421 36500 -28579 5221 -34725 8599 27196 
20042 25905 9376 -17835 -6476 49481 -7711 23281 -35649 -14544 5821 18459 7316 2538 -34561 17877 -19294 5085 241 16515 25741 -7588 37008 282 -16625 -36993 -3987 13551 18008 12024 -17493 2272 13700 3556 -34747 -45280 -21820 -32434 -19229 -3796 44444 6930 -28932 2139 31629 -16082 -41309 -26999 -42513 71361 
-11138 -11262 8726 -13533 36584 3259 19113 21932 -3671 17035 22209 -16676 24891 -20765 -8024 -6891 -74048 -13184 2991 -48426 4611 -208 7273 -998 -13007 -29600 20846 -15333 16142 -15517 -28882 8567 -2035 16258 -13401 -16251 -17927 -4888 40585 7803 4993 -28696 27080 5974 7439 -11875 192 -21180 -10749 10698 
