10
-7725 2828 13745 -11350 3119 -15851 11364 24412 -15878 -9742 
-9707 2610 26404 -13074 -18950 -13078 6501 27729 -9441 4997 
12383 -1539 -10877 12825 3125 8046 3880 -11257 2714 -121 
7487 1699 6877 -1981 5546 2665 -333 -997 -14935 -3122 
12508 -3847 929 23607 6932 1846 18059 -5722 -19976 -16000 
5334 -1470 10670 -10758 3101 -7609 6339 11657 -730 11889 
-19484 12781 6574 -5100 -3774 -5472 6312 17630 -310 -11615 
6898 -9823 -19572 1187 5645 -2492 -6083 -10853 8033 1206 
-3729 12149 13203 -11137 -734 668 -4869 10988 7763 14688 
12519 5240 1638 3949 25395 1368 8320 -3460 -19501 -8907 
