100
-74 28 17 -33 -39 72 -82 33 18 91 -14 -36 -99 -11 33 1 -96 -80 12 -11 75 24 -28 75 -5 79 -85 15 70 -15 32 88 17 -18 -32 40 -92 17 -2 -9 -1 -90 14 -3 58 99 24 77 -18 -43 -90 -95 -18 33 -37 68 -19 25 -62 77 -95 -95 5 -90 -18 -68 16 -86 51 -19 -83 19 -55 -93 14 -68 -67 61 42 49 -94 -3 -70 -70 7 82 -27 -97 -68 64 99 -78 65 -34 -78 -7 5 25 -54 -70 
-4 56 -43 -32 2 80 24 19 5 3 6 -73 -56 -11 -5 -12 9 32 -74 -89 17 -71 45 -86 88 -6 -58 98 -85 74 23 -5 -11 68 14 52 -39 24 28 71 -66 -19 -18 -52 85 72 45 -31 -42 -63 89 56 51 -58 98 -20 23 75 35 11 -12 87 -75 -21 56 -96 -3 48 -8 -71 90 66 23 -87 46 45 -38 56 28 54 -64 -85 77 63 -42 92 -70 12 31 28 -81 -55 10 -66 -60 -88 -62 -89 -43 96 
-90 -20 -47 74 -41 -20 90 -81 48 -59 -24 -75 -59 -54 -81 19 -89 97 20 -3 51 -4 -11 -55 17 -53 -96 -78 83 34 95 96 -89 -41 -95 -68 -63 26 -51 24 -64 -78 -6 88 12 71 -18 39 61 2 65 17 -62 -78 -10 85 -46 53 65 30 -6 80 89 47 -31 -24 -22 -33 64 -43 71 -17 61 -6 70 15 -95 -68 -78 69 73 50 39 50 55 9 7 68 -55 46 17 91 -56 54 98 -90 -96 71 -43 74 
98 75 -82 -85 -30 -54 73 -60 84 92 67 -49 -11 -55 -5 -29 15 -9 9 26 29 45 98 52 -77 19 24 -63 -86 82 -36 42 -27 -55 28 31 58 -38 14 -10 -69 -14 29 87 30 -13 -2 -52 73 -3 42 -80 -44 32 -4 90 -33 -95 51 16 -88 -95 6 -46 -66 -7 22 -26 -35 23 -15 -9 -66 35 94 -88 -66 -60 -7 48 -65 83 31 6 55 -80 -60 12 23 -33 -26 -73 -77 35 34 57 74 -91 65 -52 
43 -28 -45 66 32 64 -98 -46 -57 27 3 32 -53 -93 47 -30 36 81 41 -14 84 -75 1 -53 14 94 78 -37 -1 -23 68 -77 -44 48 -24 30 74 -43 28 -30 87 -61 -67 25 -95 -17 -25 -6 -81 22 89 9 56 29 18 -86 37 -30 48 -93 -42 -54 87 91 83 -48 -90 62 24 59 68 -52 38 90 30 -86 48 -43 -88 23 -30 -94 19 44 -40 56 -8 31 -47 -56 64 92 -19 92 -8 16 -87 -85 31 38 
21 -86 94 -96 -20 -38 90 12 62 3 30 31 -30 95 -21 78 -10 -85 33 -4 -31 90 61 -51 -55 89 -69 16 -19 -36 95 -4 -79 -74 -74 16 -57 96 -12 66 -52 -40 -14 86 10 16 -4 -66 58 -27 -64 -66 6 20 -13 2 -29 -61 -70 -24 2 52 -66 -65 -45 96 57 -40 -64 96 -59 -83 -52 -7 -18 -45 94 -46 -23 -78 -13 -70 -99 -65 -38 -66 1 -58 93 -27 98 9 -63 66 61 16 70 22 2 -28 
-50 31 -84 -33 20 66 -39 -37 6 -9 -27 54 44 80 12 -17 49 29 -59 85 -9 -18 21 -9 -7 21 0 35 56 28 -53 -14 83 94 90 48 -33 68 -49 2 -23 6 -19 -95 11 49 -35 27 -8 -99 -76 46 -76 -41 95 -41 21 57 23 9 86 37 -41 -37 -48 80 -77 90 -29 90 55 -75 79 73 80 8 -85 -13 -66 42 27 5 14 1 64 20 1 -18 53 -84 -55 57 -26 -33 55 -40 82 -25 16 51 
-74 78 -74 -54 -96 63 26 -4 94 44 38 -30 -97 -71 87 -46 94 81 93 21 -98 -70 -69 58 -83 -69 60 -67 45 -36 -16 -85 -94 -19 24 -23 81 42 53 -71 68 99 79 -24 82 -80 33 74 12 51 8 4 87 96 20 -80 87 36 -52 64 -8 -41 -10 31 -36 71 92 91 25 -62 76 95 0 -42 0 -74 71 -46 85 90 60 37 61 -50 -87 77 -65 46 -25 57 -99 -34 54 67 8 -86 -68 20 -46 58 
-72 76 90 82 -32 -43 93 -86 25 6 89 30 58 8 46 -88 -73 -73 7 6 -21 26 -15 -56 72 63 89 33 86 28 -27 9 94 41 -99 37 -39 29 -72 -73 -59 -87 -92 82 76 61 -30 35 57 -37 51 -7 10 41 -58 5 72 -21 -98 29 -46 90 -69 -27 73 -48 -8 71 -54 35 -44 51 -68 -97 75 -3 92 89 -81 28 9 33 24 -33 94 -72 62 47 -14 -89 -11 98 -32 -67 19 5 -71 50 63 57 
-61 -35 -31 67 -45 -60 78 -45 66 -83 56 -37 -63 46 30 -85 -30 -27 47 -2 61 83 -26 -61 11 -59 -23 -74 35 -86 25 -37 65 6 -21 52 80 45 80 98 70 27 -37 7 -30 -24 -81 -80 16 -70 76 -48 57 -81 27 71 11 32 86 -16 81 43 -67 53 33 73 -64 -88 -43 -27 56 0 86 35 92 89 20 -77 -46 94 0 77 11 26 -87 33 65 -83 76 52 -88 56 -1 73 -78 -43 -74 -55 74 -86 
14 -64 63 -72 -54 19 -84 36 -24 -82 -57 48 -74 24 56 -28 80 -26 82 -74 91 -24 28 -16 36 31 -59 62 74 60 -28 90 -76 -53 -33 44 58 50 47 36 -92 -13 -93 85 -83 -90 96 -32 -11 82 -48 -93 -11 40 90 -98 82 75 16 55 -11 57 21 99 75 12 -18 9 -55 64 -84 -95 -70 19 77 71 -63 -66 30 88 49 95 27 37 -52 13 -34 -24 -54 25 -14 -17 -40 33 24 32 32 0 67 -87 
-28 60 -41 90 69 33 36 37 -66 -39 99 37 -84 82 7 -16 -10 54 66 0 72 -36 39 -75 -12 17 -68 71 8 -90 -72 71 -45 96 97 68 -66 -25 41 -28 -37 -84 93 79 23 -29 3 -84 -80 -75 -48 -68 94 -30 -95 51 -78 -34 -95 -33 -7 -66 82 32 17 30 -3 9 -26 -77 -39 99 -69 54 -52 46 53 21 6 25 -17 -24 59 89 85 -16 59 33 -13 98 -81 27 90 63 -73 38 -2 -21 1 -19 
88 79 14 67 -13 94 75 -6 -70 18 19 -63 77 93 -26 -43 -98 11 60 -99 56 32 92 58 -18 -49 70 27 -17 -8 -66 -54 88 -84 30 90 -74 15 -29 -57 -39 16 -76 37 9 -46 -41 -23 -92 -85 75 -86 -18 -24 -39 29 -2 44 2 35 -34 -88 30 30 -36 94 -84 10 -78 -74 5 10 30 -74 16 76 96 34 20 -43 51 24 -46 31 -5 72 0 -63 44 -11 89 -9 -9 -88 5 -11 82 -59 -7 95 
62 65 97 -60 0 -11 -64 -35 -94 4 48 -1 -8 -3 21 -98 39 55 -97 -58 8 -44 -88 -11 79 -40 53 72 -6 -87 -6 -19 81 67 45 -92 48 44 2 44 -19 62 -56 -98 -35 22 18 10 -97 59 -95 32 -45 -85 63 -50 32 87 -18 27 -42 -73 66 -4 90 96 -9 50 63 -10 14 16 47 73 18 27 54 79 -37 64 88 10 -76 93 -70 -34 82 -41 94 -12 76 29 -52 -36 33 33 47 44 89 67 
-20 -74 -81 -52 72 28 65 97 -76 -51 86 5 76 34 -46 -26 -42 -66 51 -4 93 84 35 82 -18 -66 -67 -54 89 64 -88 -45 -89 -58 3 67 72 46 -44 66 -51 -63 33 68 -6 -84 4 82 41 44 3 3 -32 -5 -31 21 -7 -58 -52 -49 -66 -89 -97 3 84 -73 39 98 -26 -88 39 49 82 82 -9 -81 -53 -29 -40 58 96 -18 -21 20 -33 -65 1 -25 -42 -43 9 28 -57 61 56 0 -29 29 -57 -7 
86 3 -54 56 -8 16 -35 -84 -46 44 -12 -29 85 27 99 -85 -11 -86 -65 36 99 75 -10 51 -77 -74 -22 27 -44 -70 41 69 -39 -37 -15 -6 -76 33 33 -17 12 -91 -1 -83 -51 -73 -98 50 41 4 51 60 86 -76 45 58 -71 42 86 -2 68 -96 9 -62 -3 27 -55 0 36 26 91 6 33 2 54 -44 72 -47 -69 85 46 8 45 -68 -32 57 -59 50 60 12 12 -80 -80 23 64 38 37 -37 90 -28 
-64 -52 -88 99 -95 90 20 -88 23 40 79 -23 37 58 -44 -38 37 95 56 -76 -3 98 -67 96 31 86 -26 -25 -92 66 38 -95 68 13 -53 -59 -38 -67 48 -32 -54 -78 54 42 95 12 -29 26 -33 50 50 1 -5 94 35 -72 -29 -41 -17 46 77 -39 -56 86 67 35 59 -97 -14 20 -99 6 -36 -76 -96 94 13 -6 -47 31 77 66 60 -94 -40 -79 54 -91 19 30 81 -85 -73 -64 -86 39 72 21 -5 53 
4 -27 84 -64 49 -96 27 -89 -39 56 -85 43 -66 -52 -96 -47 -25 -37 -60 96 36 90 73 -62 -48 71 64 -23 -62 41 -24 -40 88 -61 52 96 16 -20 -34 94 23 -86 11 92 10 -36 74 89 35 -1 -17 -20 -73 54 39 34 -40 -16 -75 -55 99 94 38 -54 -42 -2 -60 -11 -7 2 75 81 -3 73 80 37 33 -21 -52 -42 47 73 -42 74 -25 36 9 -46 68 11 39 81 34 -23 95 36 -23 -44 22 -54 
20 -54 -11 -64 -9 45 -97 -33 36 -16 45 93 99 23 47 -75 -87 78 88 -59 -88 26 27 89 -64 -55 -57 -49 88 -51 -74 -73 -80 53 22 -51 93 -71 6 -69 -30 36 -33 -2 59 84 -17 40 -19 -49 -2 2 -33 -38 56 -96 -93 -14 -16 -96 81 -91 20 -14 88 -42 -34 -88 39 23 64 -58 92 53 -8 67 37 84 40 -42 70 88 -64 43 89 -53 -93 81 -35 -50 39 4 -74 98 89 10 -27 27 93 39 
74 20 96 -23 44 -50 11 59 -8 51 -22 -91 -19 -14 -18 -5 -16 -28 -96 -50 -92 80 7 -8 34 -93 -6 -21 -3 -48 -45 -20 90 11 67 40 45 34 -70 28 60 -60 27 22 27 3 25 -48 -68 25 50 58 41 20 -69 37 1 -80 76 -97 -36 91 -19 76 93 14 -46 -35 -41 -54 63 -75 -40 32 -95 57 35 -39 -30 -94 61 89 33 -76 -12 -62 -67 -62 -1 -12 -44 -46 56 63 -53 -99 -66 44 81 -51 
96 -80 8 -73 52 11 2 67 77 76 63 76 11 77 13 -43 -51 67 14 -13 -21 88 65 1 -97 84 42 -79 -92 43 50 83 -51 -79 -27 -22 77 18 -73 -65 4 95 34 45 3 -36 -33 65 -33 -96 -75 -25 72 61 49 9 -23 30 0 99 25 -49 -57 90 -16 -93 -88 -84 91 58 -39 39 46 95 -42 24 -32 -81 81 -16 -62 3 90 -14 -11 -56 -32 -30 -68 -25 35 96 7 -30 54 -79 -84 99 -76 5 
-74 -68 5 -12 81 77 52 54 84 -23 -42 12 63 -79 -48 3 19 33 -44 40 0 -13 39 -65 21 32 -42 -46 -27 -13 -12 76 -72 -30 99 84 30 43 84 -61 41 -34 76 -57 -71 4 93 -30 -36 -41 96 -62 -72 64 -16 65 -53 -4 -28 -3 28 -20 -36 -11 85 30 35 61 -7 -76 31 42 -91 -89 -6 68 95 0 46 58 71 11 85 10 -28 69 -11 -99 43 -15 28 -41 0 89 55 28 -27 37 13 -52 
-81 42 16 28 -64 -34 -49 -93 -94 -16 88 70 34 -58 31 -32 36 -74 -18 18 -50 52 72 36 -13 -79 78 47 5 38 -86 -63 65 55 -88 52 17 80 62 73 14 -44 -91 38 -8 -99 -15 -50 -64 16 40 88 -51 44 -73 -5 67 9 -5 56 -22 15 -36 -21 73 12 64 -30 -41 -65 -74 12 54 -16 75 -43 64 99 16 -10 65 -75 52 80 -95 -63 -40 -42 96 18 49 96 -68 -55 2 59 -39 -42 -97 -72 
-52 3 -50 64 -94 -70 -29 -20 -52 10 -66 87 66 -39 -14 -9 -6 38 22 16 -90 -60 26 41 -46 -69 80 -11 -10 -63 -66 -95 15 88 89 -1 93 50 -79 -38 -15 -96 30 -64 92 33 20 -87 35 -83 -94 -48 55 97 -7 -77 -87 -59 63 -56 4 -81 11 -91 -92 57 44 14 54 67 -68 -82 -34 46 -58 -77 9 -91 16 -34 32 -64 18 -88 -5 10 95 70 -83 5 26 -74 -41 -62 67 -24 -54 -26 -72 -62 
7 28 -42 88 -7 -35 -14 -66 -6 85 -89 38 -36 -12 -87 72 34 56 92 -91 -71 83 58 -31 56 89 46 39 -32 -38 -1 27 80 -20 27 82 13 -84 -43 82 -60 60 55 41 56 98 86 36 59 80 21 92 81 -3 -71 2 -57 0 -93 -73 -11 75 62 -98 -85 94 51 68 21 20 -69 47 48 53 -53 -81 -86 -48 -81 -27 68 -12 -2 -28 27 -37 84 -84 44 -43 -50 -38 -63 -36 -65 74 0 11 88 -22 
-79 -73 58 -2 -31 86 -38 -91 -14 95 64 78 -95 13 85 -74 -72 -6 -82 97 33 43 92 31 51 6 -86 92 1 94 70 -29 -1 12 -26 6 -2 -27 22 78 38 -59 60 -88 -75 -13 26 96 -75 -31 -32 96 94 7 61 51 19 -22 -93 62 99 -27 -51 -29 -81 -15 -77 -99 74 -10 -71 59 12 -42 55 -7 -2 68 -28 55 -62 23 -78 -41 -75 -78 -67 99 -95 -16 34 -15 52 71 14 -71 58 -53 29 74 
-81 77 94 -89 29 -50 75 7 -27 80 -41 1 0 92 7 91 -67 -8 -9 -49 20 -12 99 -39 -69 10 41 -39 -27 -69 -36 -50 30 39 -55 54 -10 -84 -37 67 75 -25 -36 -36 57 40 -63 66 -90 86 -63 74 -78 21 -87 49 -14 71 -52 76 63 -35 9 48 88 -60 53 73 -91 48 -98 49 -19 -36 46 1 -98 -74 30 15 88 66 -54 -30 13 -25 -98 9 45 66 -1 -17 -22 5 -73 -87 -50 -27 -62 50 
-23 69 24 57 -60 59 -56 -64 -97 2 -43 33 -50 58 11 -35 -57 2 -97 -42 -80 4 5 16 11 -61 -41 -76 51 61 -74 -39 -34 32 75 26 -16 -2 6 -51 77 55 -68 45 86 48 -66 82 4 54 34 -22 -5 20 -78 72 -99 49 90 18 -58 -8 95 9 27 50 78 51 58 -83 61 -78 20 -2 46 5 -62 22 64 -22 -61 -57 -41 48 -93 48 -15 -53 32 -55 -10 -35 -50 12 2 97 90 -98 1 -74 
-48 -55 20 -38 -26 -59 74 30 -79 91 96 0 0 -59 -49 -92 65 17 43 61 38 -98 -65 -38 -84 -34 78 89 64 25 27 70 -34 8 1 -60 25 53 -66 -69 -33 32 71 -74 84 -11 -99 59 64 -84 88 69 -73 54 -51 -31 -6 -40 40 76 38 -11 82 69 51 -36 -62 -44 -27 39 21 -51 52 -52 -91 30 71 18 -27 -32 -58 -68 62 51 -46 4 69 -92 49 -35 11 -85 -55 -43 -91 70 66 -70 44 6 
-69 59 79 -44 -2 6 74 -51 -49 91 -51 -5 -87 -83 -18 -81 -43 75 80 64 60 10 64 -44 -35 -42 57 -86 -16 18 76 -83 -10 6 0 -84 -61 37 -88 82 -41 0 85 -69 41 45 12 -56 14 -71 -90 -48 -14 -8 84 -20 -10 13 92 -62 -42 7 74 8 -47 -30 81 25 -76 -1 -20 -10 44 -68 -76 -72 -97 -38 -69 29 -13 16 -35 -18 94 64 -32 62 92 -58 61 -88 -80 1 19 -39 70 -99 -27 -24 
-23 -20 47 65 -64 69 11 35 50 -99 59 39 48 -81 0 58 -31 -84 90 -90 -10 -42 18 29 -87 35 41 -41 -29 11 -66 21 38 -69 -36 -73 72 58 -21 62 85 30 -65 67 16 81 -86 -16 -95 92 -26 -12 -87 6 -34 -81 93 -58 15 -59 -70 43 -96 43 -41 -5 -76 89 7 -59 3 -16 54 43 -29 -29 87 -56 84 -76 -91 72 86 62 68 -42 54 33 -3 -56 -39 11 67 71 -99 89 -32 -82 66 -34 
5 86 70 -62 47 -34 -72 34 -93 -55 38 69 -32 -70 -92 -7 -21 15 -90 56 6 65 -86 -95 16 94 20 99 10 -97 14 62 45 -70 -84 -48 -63 -49 45 -27 29 -18 44 -90 -18 66 -69 66 78 -24 -28 -97 -52 59 51 -83 -12 -89 40 -24 73 -51 64 -16 17 33 83 90 39 -53 -24 -3 -9 82 -81 32 -39 -53 -6 -66 -18 -98 27 -19 93 69 32 38 -24 -23 -49 -78 -8 -80 -5 -39 -76 86 1 -24 
-16 33 -17 13 -94 -63 -43 48 98 -34 81 -56 -54 -20 -58 -5 97 -91 60 91 -51 16 -47 95 47 -58 -3 56 -53 45 -94 60 -86 -49 11 -42 -67 98 0 70 94 -87 -76 6 76 -69 -9 -54 -9 -20 86 -73 -75 79 -7 91 98 -64 -60 27 48 -9 -18 -40 15 36 84 -73 79 -83 -98 36 -98 -26 -69 -76 -75 1 67 -70 -16 21 72 -46 96 14 97 -72 51 -49 40 -7 -33 71 -41 52 -11 22 36 -84 
-69 3 -71 -86 -21 -68 55 0 -46 -32 5 73 -67 93 60 84 -91 61 -27 -78 -11 35 -9 36 91 -39 44 10 -19 37 -19 13 49 29 -42 34 35 -39 68 -35 71 71 -14 -70 -59 -76 37 54 -86 -6 70 84 -24 -37 -98 3 -15 61 -6 70 -17 -61 -85 6 47 67 81 -41 -43 -30 81 43 35 12 5 -49 -44 -32 -64 31 -90 -22 -78 -75 -76 -95 23 98 58 -25 -23 -36 -33 -19 -26 -26 47 -19 4 75 
76 -72 20 90 -91 -44 69 83 -95 -55 -97 10 78 45 2 46 51 -38 23 28 -29 30 -98 53 -51 -54 -87 -38 82 99 -94 2 -28 0 24 -8 76 -5 -3 -98 26 -32 -37 17 43 86 -66 -51 -37 30 -89 55 89 -48 97 60 -75 -54 95 -24 35 79 -81 -13 68 -54 44 -71 93 20 -46 78 9 79 -46 -94 74 -74 20 -39 37 -64 -21 11 -34 -73 -98 -61 70 20 32 -15 -34 39 -19 -26 35 -76 -89 -25 
-33 49 -17 46 -19 52 59 -40 -45 -21 39 40 -99 31 62 83 -9 71 -4 70 73 75 46 53 -87 -37 -86 67 -78 18 -68 -29 80 -37 75 69 -78 -12 -59 24 -19 -7 -80 -92 25 2 77 94 8 32 -54 -66 66 -58 5 9 28 -39 84 -63 89 -23 31 -83 -69 -94 34 -27 -12 -82 -60 -24 27 -23 -68 -88 -4 -72 -48 -41 35 -17 58 99 -36 47 -75 -26 -90 74 69 -54 79 12 8 43 -74 -49 73 -55 
-85 65 77 51 80 69 96 98 -23 -51 26 -46 4 -37 56 -93 -10 -48 98 35 1 5 -5 -45 -55 -69 76 10 55 31 -45 3 16 -11 -12 -16 -26 71 42 -57 -89 72 54 55 27 3 72 -80 -51 -59 -35 39 -76 -14 -3 -81 -81 0 63 -28 -47 79 -82 -72 -14 -27 -17 3 -81 46 14 81 -15 29 67 -2 -72 0 -79 65 90 -36 -89 -4 -51 -22 92 24 -55 -47 72 46 31 23 82 -74 99 96 -13 -98 
-91 -80 -1 47 -31 84 44 17 -91 -87 -41 -32 45 99 0 -52 -13 72 43 16 16 -84 -43 49 17 -16 -21 37 7 -95 5 -35 -21 -53 -1 4 77 28 42 -95 -50 26 -41 80 -45 22 42 28 68 87 89 8 33 13 -89 86 -52 -52 -47 -71 -59 -66 -13 -88 -53 45 96 6 -99 50 -69 85 15 -40 37 -49 7 -65 -5 -64 63 39 85 69 -52 96 -55 33 40 -39 26 30 -22 -12 -39 86 73 -4 -17 10 
-54 -66 -75 80 -88 56 57 -44 -31 -96 -40 -69 -42 72 97 36 20 -52 81 -12 26 3 -95 67 -25 -70 36 -2 -65 39 32 64 -36 -77 53 -29 89 -73 29 -28 52 -8 -15 -97 -83 -5 70 39 -42 -54 -45 17 81 44 -34 -5 -99 84 67 -81 -48 16 27 48 -48 62 -43 -64 -17 -26 -28 98 -84 -78 -70 -95 15 74 95 -27 48 -72 77 11 -42 -79 74 -70 -30 -23 -13 14 -78 91 99 69 -47 -78 22 -84 
-64 -3 -79 -63 64 13 68 -50 44 -21 76 91 90 64 -90 26 -74 64 -99 -48 -89 -10 -60 13 92 -36 -8 -1 55 -64 -19 -54 -61 58 55 -88 48 -15 18 17 -95 -98 -71 14 -71 -12 -11 -53 97 34 -1 -96 -38 -94 86 8 -44 -74 -71 68 -5 66 -88 27 -39 -49 34 -50 -3 12 78 -21 11 32 49 -12 -78 -9 1 87 -34 -13 1 56 76 -35 -71 53 -21 64 -57 7 16 6 -96 54 84 -6 -72 68 
85 -61 25 70 90 91 -23 23 5 31 -26 56 68 -58 83 -22 -14 74 -14 -35 15 -2 81 -93 -52 43 -72 17 -30 -29 22 49 -65 0 -85 22 -84 -71 -66 25 94 -7 20 92 56 -22 -95 -3 0 69 51 -76 -42 -59 6 20 -71 60 33 68 -74 62 78 -29 11 94 83 -69 36 -13 19 62 20 93 58 -3 -41 41 -68 7 9 -85 -66 -64 -50 -99 54 -35 75 70 81 58 36 -26 -61 8 95 52 11 -18 
-13 41 -57 -33 54 -57 92 67 53 -63 -20 62 16 33 -78 -26 44 -50 -21 -81 -48 -49 -55 65 -97 11 -8 -39 -55 -36 59 -68 74 -6 99 -69 -16 -54 67 96 -74 65 79 -86 68 -83 -19 -95 73 -44 75 23 -32 -30 45 -71 -34 6 -95 63 32 49 -66 92 -10 77 89 42 -24 40 -58 38 12 26 68 73 -7 -17 -41 -43 -83 48 -78 -19 -86 -69 13 53 -14 56 24 41 -61 57 85 8 -65 -14 -69 89 
40 23 23 12 58 13 65 -49 64 -22 -22 -78 99 -46 40 60 21 26 28 -63 98 51 -92 -13 -38 67 -19 52 23 -56 -81 16 -96 89 27 30 -10 14 -63 52 -66 -20 -89 21 -74 -73 32 22 39 -81 79 42 17 -53 -72 18 -23 20 96 94 -51 -30 -40 69 0 28 -47 2 -20 16 26 42 99 -8 -28 -95 11 86 -88 58 27 -74 -28 59 -28 24 67 -49 38 -15 54 -35 -82 81 -25 -15 80 26 7 68 
-24 64 90 86 -94 84 -6 -15 -49 10 -95 -78 90 34 52 -92 -31 31 56 28 -22 -38 24 -76 48 87 31 -67 6 64 79 62 44 72 98 -25 9 -79 15 38 -13 -58 50 62 -20 22 16 70 -73 -26 38 -8 -56 79 53 -70 -96 -69 72 -23 83 -80 4 46 -41 -56 -99 -68 -22 93 25 -66 7 -79 67 91 92 -69 -27 -74 -54 57 -34 78 -5 -4 3 99 28 -55 -76 11 1 -32 95 -18 -57 -19 21 71 
94 -76 -44 38 9 -87 20 -15 72 0 38 79 -31 15 -59 -49 34 30 -56 -86 79 64 22 23 24 41 11 -11 -5 82 3 8 84 65 -45 -50 -92 82 -81 79 -58 -71 -52 -29 -12 -90 -58 -28 78 -35 96 -48 -44 15 82 33 64 41 -42 88 30 8 -3 -15 57 -36 45 -42 -7 -78 -17 74 99 -53 45 -3 -29 -69 95 -69 -9 -86 -41 -48 74 56 -97 87 -56 59 86 -76 74 -19 35 -60 95 63 -2 -15 
1 -81 51 98 -5 13 -46 -14 1 67 -61 -86 -52 48 -92 18 27 -93 -45 -70 2 54 27 -93 63 19 96 39 -67 2 -69 -21 -83 25 -98 -23 53 15 -89 63 -61 -31 -44 -29 -99 -59 -1 12 -12 -52 -7 -68 87 -90 -45 -58 -82 3 36 80 78 15 39 -77 -98 54 -5 -37 14 -96 98 -84 90 14 44 -89 -80 90 -32 96 41 -42 -82 -37 -38 -24 -8 97 -68 -55 -76 22 89 -67 64 21 97 15 69 5 
-5 -41 -22 -10 77 44 -23 42 -84 -75 95 -6 -82 -22 39 -13 98 62 73 2 -84 -17 -25 -16 35 47 -39 -20 24 -21 78 17 92 54 23 99 31 97 -56 99 -19 67 76 -9 61 -89 84 -3 -49 -23 12 -82 -9 -15 -51 53 96 -84 94 -66 -85 14 -82 6 -16 -5 -80 84 -5 -59 78 -17 53 7 -50 -1 93 -77 54 82 86 -14 -99 -2 -9 16 22 8 35 89 -21 -24 -85 49 32 9 -10 -83 -98 81 
60 -65 -7 -48 -16 92 -98 -34 17 -27 33 95 48 91 45 -38 -70 71 -23 57 -11 -86 5 -33 16 12 -58 26 -53 -54 12 -11 -38 -29 -85 -35 -66 -65 61 61 -52 -47 -17 48 28 -48 -38 -45 66 -62 -52 38 78 -65 -23 -73 -11 -44 -84 85 67 76 43 69 17 72 79 -60 -87 75 41 -44 43 82 11 54 -5 25 -85 -47 -95 -64 -55 19 68 -45 -22 -93 -82 1 -31 -21 11 -38 -3 -53 52 -79 71 26 
40 -82 63 -51 -23 -23 37 -17 -33 95 -19 97 63 44 -9 -36 35 -89 -95 51 61 -76 -7 -7 83 -79 88 8 -58 -6 22 68 85 -4 -37 -36 0 -85 62 3 -63 78 -19 -46 72 43 -78 -3 -31 66 -69 -64 63 -30 96 -88 -30 -68 -52 -66 -61 -31 -62 72 59 -31 -13 27 12 35 96 -20 79 -48 83 -80 -27 -31 -12 6 39 14 -22 -35 12 -25 -72 -55 0 36 13 -96 73 48 -24 9 88 95 65 55 
88 10 -34 6 82 -45 -65 -46 54 -74 -19 -90 -72 75 -21 -28 -95 42 85 69 17 73 72 -8 26 97 -98 8 75 -37 68 65 18 -98 -93 -62 77 58 -6 -20 -83 77 -25 -12 27 36 80 -47 -11 66 45 -45 -90 -59 -76 34 -81 -18 28 -34 38 -45 -50 -34 -96 -92 -33 -73 -23 91 -67 -52 73 -16 -76 81 -22 77 -26 -67 21 75 98 -33 13 71 -20 -36 -12 24 80 5 -26 -19 -61 96 92 83 78 85 
-63 -49 -97 -30 83 67 -76 -71 -1 -25 -38 -34 73 -43 -56 -32 -28 89 -3 75 -84 79 -68 78 -11 -49 80 27 -88 -51 -20 26 28 57 -65 59 19 14 -45 98 89 33 -37 -64 -6 60 97 49 83 -50 11 -41 30 -4 64 -32 -27 -33 97 -44 65 86 -41 -13 -98 32 2 -16 -69 38 -61 -15 25 23 -28 87 12 1 -48 -68 -51 67 -61 -98 38 21 -25 84 -8 60 -8 -24 -91 -59 -85 -96 -18 89 -36 -51 
-84 16 78 83 30 -28 -2 97 70 -79 -21 97 22 -76 -91 -48 92 63 39 1 91 -4 -87 77 -97 19 -41 6 79 -27 18 -19 -86 21 -11 -87 40 -92 -72 3 -45 91 64 -73 66 60 -73 -77 -9 -42 -88 -77 -35 -3 18 -55 -40 -43 17 21 -20 21 -87 -59 -84 -77 98 90 -31 -14 60 4 -35 46 -29 25 89 -51 12 53 -20 5 -73 77 81 16 82 -39 -31 -79 -41 37 50 -93 73 51 88 49 -87 -3 
-22 25 -89 -70 -87 -83 76 31 83 -12 65 81 81 -98 29 -3 26 -63 -43 2 -3 70 0 42 -33 25 -62 96 45 -70 84 -24 7 38 68 -29 -9 94 36 12 80 -90 -69 -94 98 72 -21 -31 28 -96 -92 -25 -41 -34 -96 -20 55 -28 -40 23 -22 87 80 -4 -25 -31 -61 17 36 -97 -81 -72 94 37 -68 -13 -52 4 80 -87 -38 57 9 14 82 89 43 -37 85 3 0 7 -9 -94 -91 -7 -20 22 69 -17 
-69 -77 -62 -95 -80 -40 6 82 -11 47 51 -88 15 2 -47 -48 -93 -7 5 -4 -60 -29 -64 53 37 -32 -71 -4 33 -66 -40 16 5 -63 -15 -39 -73 -7 -99 -86 -37 -53 87 76 -44 70 -26 -17 -50 -47 -9 47 79 -75 55 -2 -22 -84 -25 -68 -11 -33 -84 24 -34 54 -98 81 1 -15 -21 95 -11 -23 -70 12 -4 -76 -13 61 -92 -22 77 48 -53 -93 -73 -97 -77 -78 29 -47 -47 47 -75 78 -98 -88 71 77 
73 -23 13 6 -33 10 68 89 -72 -45 -15 41 -73 69 22 25 92 25 -71 -71 26 89 -48 -88 70 97 -12 13 -57 -54 26 57 -14 -60 -10 52 -94 45 70 42 55 -52 -91 70 -5 27 -3 -99 -15 -84 -78 -3 -43 -18 84 -45 -63 37 51 88 -63 50 -91 -42 -39 40 -91 5 63 77 46 28 62 -47 -91 -8 80 -87 49 -40 2 8 45 -74 93 27 45 -76 -8 -21 5 65 -25 -13 6 78 -1 41 -84 62 
77 -34 -9 -28 -54 83 83 -55 -2 47 -23 49 -34 -67 -84 93 -70 -19 0 -43 -12 32 87 -70 -71 -23 89 82 16 -31 98 53 28 97 -91 27 78 45 77 99 7 20 52 47 16 -23 95 -20 69 61 -8 -46 -77 -30 81 -34 -87 37 4 -74 -30 -89 29 -98 -22 -11 81 -26 -49 -58 78 -79 81 79 96 58 67 95 -36 -46 30 16 -55 46 -93 27 -17 -46 89 -86 -56 63 -66 -50 -44 -39 -33 -48 -60 -41 
27 -59 91 -32 -94 69 75 84 80 -98 -27 -48 -25 -77 61 -75 96 99 67 99 68 84 -19 44 -43 -34 73 -54 79 -38 60 -46 89 3 -72 97 10 96 -33 24 -3 -61 -75 69 47 53 90 -88 -38 81 22 -24 -31 -47 -65 -85 71 -97 -11 69 49 55 96 29 -38 18 -50 62 38 -68 97 -64 -63 82 -33 33 -98 11 59 90 83 -72 -54 -18 -43 -13 -99 81 -46 29 55 -95 54 1 -84 16 -19 -58 -70 -90 
14 6 -64 -91 0 -66 -75 65 -28 -74 7 -25 -45 57 -47 -51 -22 50 -76 49 -75 79 -95 -12 -82 25 -68 -91 -67 55 53 51 -62 -52 31 -70 64 -42 -30 83 -63 57 -78 -92 -16 -50 -32 66 91 69 58 83 20 -82 50 85 41 -46 35 -2 -23 -95 -82 -74 -74 47 80 76 -80 -51 20 -32 -76 -69 0 -74 88 -50 -7 -44 0 97 39 -53 -12 -66 -53 59 -57 75 -2 70 -75 -36 -66 1 -64 -75 56 62 
-63 96 73 95 38 -5 -14 -36 -99 -6 -19 -65 54 -14 81 31 18 -82 -1 0 48 70 -61 73 29 36 59 -89 41 -4 13 91 -1 -13 70 3 -38 -99 -96 50 97 19 -40 15 49 49 11 -44 18 52 22 26 -35 87 52 -16 -9 -78 -74 -19 93 4 17 65 -33 -65 34 60 -40 89 56 -87 -64 -45 -30 39 -40 63 -65 37 -60 -83 -89 21 13 0 13 77 88 80 51 34 -8 -42 80 -18 16 -81 -2 -70 
-60 -66 24 -95 -83 -72 0 10 72 -2 35 87 -88 86 38 97 -43 11 -22 -11 -18 -28 95 56 12 -8 -40 68 -36 43 -55 -95 -74 70 -63 10 -76 -8 50 95 -78 -43 -88 81 -22 0 -8 -73 8 -11 46 -82 -25 49 -70 63 -57 -27 93 46 -55 -55 -69 41 -17 63 65 -23 81 1 -67 92 85 -33 -28 23 93 90 -29 15 -42 61 65 90 17 93 41 96 -46 94 -70 67 5 -10 29 22 -42 72 29 -87 
-34 68 5 89 -12 56 -25 11 -6 54 -15 25 -26 21 93 98 -94 -48 -73 31 58 15 -2 -21 98 4 57 28 -55 -13 -70 22 -72 -97 40 -55 34 -20 19 -92 59 -83 -7 54 7 54 -66 -40 15 -2 -36 -98 -17 54 39 -74 98 -55 46 69 -54 26 -59 6 -35 77 19 5 7 21 86 4 -85 98 98 26 49 11 -60 -76 -33 2 75 -93 34 -7 73 78 53 -35 -29 -15 15 4 -77 -72 -77 94 5 52 
1 60 -29 -44 -34 84 -51 -40 -57 -63 -62 1 27 62 -70 5 97 75 67 -27 -10 -56 21 -26 -86 -3 8 -54 22 48 -60 92 91 -28 77 43 -1 -46 5 38 -93 -59 39 99 -23 -58 74 -11 -96 -56 -2 -26 51 -38 62 68 -82 -54 12 49 68 34 44 -35 65 97 24 -86 -23 -86 10 5 -61 -73 31 -46 39 65 -62 75 -37 34 -74 -59 -44 -42 -23 60 15 -15 32 -11 -26 -58 -49 3 90 -31 -26 40 
-25 -30 -18 -30 18 -73 -20 63 86 -81 25 -20 31 45 -15 94 70 67 56 -27 40 45 -93 -57 34 -14 40 -98 43 -16 -28 -6 -17 57 87 -66 -98 -96 -99 -44 -32 -82 56 45 -24 4 -73 90 73 22 73 -77 73 53 -46 -13 -79 -17 -97 -80 50 67 6 42 -97 -31 -96 -2 58 -50 82 54 -85 74 -40 -87 -21 1 46 72 21 82 77 -76 40 67 -27 27 20 10 76 78 -52 -58 12 12 -54 -33 -45 -44 
69 84 -34 -55 67 -70 83 -16 -66 -77 50 -47 83 -28 -66 19 -22 -64 -25 -69 98 71 45 28 -47 -76 -63 95 41 -96 -24 -36 97 -74 1 43 -52 -45 46 89 46 52 59 69 12 10 -16 -53 39 -23 49 -73 -36 34 37 47 -6 -5 6 -87 -40 96 -14 11 16 17 -84 60 -11 80 -48 -42 34 67 8 57 66 -22 -16 75 -47 -36 32 74 74 97 93 44 -87 -70 -73 -87 -15 -7 -57 45 76 36 -12 -64 
-63 -30 -18 77 63 -26 -94 48 88 -79 34 -66 -39 72 -26 62 -1 53 69 -42 -71 -32 82 -90 -83 33 -44 44 -21 -15 -29 -93 -17 81 62 -32 -57 -90 -88 68 96 76 -19 83 19 70 -1 73 85 -42 98 87 43 75 72 9 -5 -78 11 -50 1 -69 98 36 99 -66 1 -24 -72 5 -4 40 -41 15 -47 45 61 54 -84 54 -72 -72 59 28 -99 17 -28 -51 -23 27 -26 63 -67 68 17 87 -97 43 81 14 
-11 -10 73 -18 -14 -30 -48 37 0 52 76 48 32 78 -24 6 -7 83 -64 95 -4 -88 55 -80 -56 56 53 -83 -12 -12 69 21 -61 -79 -58 74 -65 32 -3 39 -72 20 46 -7 84 53 87 -58 57 -34 -65 -22 -99 -66 -53 12 -84 16 76 -57 -1 -56 -59 98 37 -84 73 -6 -57 -39 -81 -72 -82 -24 -63 -12 17 24 -24 -80 -57 -54 -53 -46 -84 48 84 -68 -90 63 39 -51 88 11 -46 -21 -74 -41 89 47 
-73 -93 25 8 -48 -65 3 -35 72 -42 38 -83 12 -28 -99 -57 -18 72 50 97 -99 -87 -31 -55 -9 -40 -24 22 -46 -39 23 -31 45 -47 40 -52 -71 -93 -18 14 75 85 15 77 7 -81 0 29 81 -49 39 93 -93 68 43 -29 19 16 21 84 -80 95 -15 -10 42 -24 30 -22 -77 31 89 -74 93 -99 60 38 46 -8 -69 -9 -85 27 57 64 -72 -97 47 -37 64 -63 -82 -16 66 -1 34 36 -30 -18 -58 -43 
-11 -24 84 49 41 -41 75 -2 -34 -74 -76 36 87 39 -72 -17 -61 -17 -81 -46 -69 -55 37 37 18 37 -26 -3 -6 -92 2 -26 28 8 9 -36 -53 11 -28 -78 -91 -17 -44 -65 57 -80 12 53 -99 -61 -65 70 68 -13 32 -14 42 -29 86 -8 -73 -49 47 14 -13 -82 47 79 -49 -62 74 -68 67 -43 81 86 -8 65 24 -26 -52 -74 55 69 -25 76 -97 5 -79 24 1 33 25 -27 65 23 -8 30 66 -98 
-29 17 -12 51 12 35 -97 54 -95 2 -46 7 -72 -99 -83 -62 -75 87 -78 -37 77 -50 25 -33 -74 29 -17 45 -53 -5 -58 28 -28 -80 -5 -4 26 -64 -98 95 -77 -16 4 -89 69 -56 -30 23 -94 -43 -18 23 55 29 -54 -70 -88 -27 78 17 3 62 98 -41 -34 -21 58 -87 -28 -93 36 -36 83 -73 58 -64 -85 -63 -53 37 83 16 -82 -19 38 74 29 23 -89 -14 39 -91 90 -59 -94 83 6 -5 -46 -25 
-43 -12 79 -91 6 12 -57 34 46 20 53 53 73 61 -23 -9 56 -39 87 -20 31 -88 -33 -18 -82 -62 76 24 66 26 0 -12 -65 86 -50 -58 86 -52 -34 48 -34 -3 -20 -92 -2 16 20 41 53 21 77 92 -42 -75 -26 -69 -27 -45 7 32 -43 -72 -67 -80 -27 -98 -22 -94 35 38 47 -80 -50 -64 91 64 96 -64 -14 10 18 -9 37 -50 93 -74 -13 76 -9 22 -96 -13 8 17 96 -36 -83 -1 39 -63 
74 -16 -14 19 -11 -36 -31 -47 51 1 94 11 -80 63 15 -29 12 14 11 -29 85 34 -15 -68 -75 -56 -18 80 -77 68 25 -66 72 14 59 12 -80 -60 -63 28 59 58 -90 -18 40 28 8 68 8 -49 65 60 80 13 -50 2 -6 -50 29 -11 63 67 -98 26 -58 21 92 58 89 51 68 -22 30 80 9 25 -28 6 22 -13 -50 92 -88 87 49 -22 43 -33 -54 -59 19 -25 54 78 -17 38 42 -41 -79 84 
94 81 -21 -16 -17 -94 47 -61 -46 46 12 -35 -47 -10 -7 -41 -25 -57 -13 23 91 17 82 -50 -10 49 -69 25 -20 -21 -73 -24 -27 75 32 -77 51 98 28 84 -62 -8 10 5 -21 -7 -36 -59 -46 51 -81 63 -13 76 26 -12 80 55 82 67 6 92 39 -19 79 75 -63 34 82 89 98 -17 -11 18 -72 -62 -30 46 -40 -69 -4 -90 -81 74 35 -54 5 -73 -89 -31 -76 79 83 43 -69 46 -53 51 81 55 
-98 -31 -47 55 83 -40 -42 22 -87 -45 -72 -12 89 53 82 -60 18 -85 -80 -32 50 -77 17 67 90 -97 -44 -56 17 -29 -1 19 46 22 -36 81 44 -83 35 14 38 -79 26 -63 -65 -53 48 -26 28 65 -52 7 41 48 -59 69 79 2 12 78 48 61 -31 52 -34 0 -83 72 6 50 43 33 -41 77 -39 90 11 -17 -63 -14 -60 -53 82 35 10 70 -50 18 -45 73 12 15 43 16 -49 -23 -42 47 -58 -65 
16 50 12 93 66 -48 48 66 45 19 14 79 71 36 60 7 60 -22 -87 75 -71 -27 79 82 51 54 49 -19 95 -95 -15 70 35 70 -19 -95 -70 0 87 39 9 -94 21 -77 -78 5 -35 -28 -58 23 43 -35 -73 24 16 -96 99 -73 -85 79 -98 -91 67 -23 -63 -7 -62 5 97 -57 -47 81 -82 91 -15 -55 34 53 -42 77 50 -82 -32 -23 -77 -56 -93 -66 61 -88 10 49 9 59 -42 -17 -96 94 15 -37 
99 -41 65 27 37 19 -60 5 -1 47 16 97 -40 -96 58 23 66 -90 43 -80 -76 84 -56 30 97 18 37 -90 36 -82 91 44 -23 93 -5 -59 -57 -70 -67 58 -16 -88 -8 36 -42 -45 -32 53 -44 98 68 -92 -82 49 4 -74 -40 -89 34 -56 9 -4 -75 -59 -51 -13 -12 47 54 -76 93 -45 6 -97 -47 60 -22 -97 -41 -27 -99 15 -32 38 -77 -62 92 2 97 -12 20 32 12 64 -48 -25 -53 76 35 2 
-26 99 94 -91 56 -62 -88 -99 -1 -86 -24 -15 -77 -41 7 80 -73 81 -80 18 -70 -98 81 20 81 48 -45 98 83 57 -56 23 -52 83 -44 -39 -88 -3 -42 46 44 12 -93 -9 88 -40 64 34 35 -63 13 99 -80 94 -84 -86 -36 7 -3 -39 -16 -40 64 -41 69 98 41 49 -13 60 64 87 -80 -48 -13 -80 48 -90 -36 -5 61 25 -23 -3 40 10 99 14 52 59 85 -30 50 4 -40 83 75 97 -71 -56 
83 95 -51 -27 7 19 -3 -6 25 30 74 19 -65 -71 28 93 -85 16 -43 53 -79 -13 -26 98 -68 79 6 -30 83 93 -58 38 -89 -60 -62 -52 2 -40 63 1 27 -62 -20 -74 27 -39 62 -66 -57 80 87 59 -14 -99 28 81 -76 -68 -73 85 -76 -36 83 -41 -42 -44 40 22 45 50 -8 -40 -95 -21 73 -34 93 -36 -76 24 -31 31 -24 86 -86 -24 26 84 34 -28 -79 -6 72 -19 -97 -39 -38 -95 77 -33 
-74 94 -66 -87 20 -37 95 17 -3 39 -2 33 20 -41 -20 22 79 48 -38 98 -83 8 2 89 51 81 -41 60 -96 74 16 -86 8 -39 -13 -64 50 26 -65 52 -16 88 20 61 -33 16 -61 47 40 17 -31 80 68 41 -2 -75 26 -4 91 -27 77 16 35 26 -93 -87 61 -67 -81 -29 -45 -57 10 8 -63 -32 60 87 40 -95 -69 -91 -68 16 -30 -63 -55 19 -54 -83 23 -28 88 78 59 97 11 75 -54 35 
-74 -9 67 -79 12 86 -27 44 -71 50 81 -98 0 81 12 -14 10 -44 95 -14 -65 -99 -51 96 -10 69 93 79 25 37 40 73 84 80 -3 -86 -94 -53 -34 9 47 46 4 -26 5 21 -15 33 28 -46 46 -64 -36 67 14 14 81 62 87 24 32 51 94 -28 -77 92 13 12 51 -60 34 -55 70 12 33 85 21 -57 35 -38 37 51 6 72 52 -3 -91 -47 37 57 2 -57 -38 -39 68 17 -55 -54 63 4 
-11 9 -92 -39 32 12 70 -37 99 -73 98 -56 -98 96 -3 31 62 -1 -64 40 -83 -13 15 77 54 -55 65 -74 35 -48 44 -29 -93 -37 -74 -67 78 -23 96 98 -63 -89 -15 -93 -7 65 -79 -57 -30 -19 10 30 -47 -90 45 33 -69 38 71 -25 57 18 -4 -43 -32 -60 45 95 68 -37 -94 75 11 33 -14 -54 0 65 22 98 -70 44 -73 -26 96 15 26 43 58 79 84 -58 56 -14 -94 -95 -82 5 -99 48 
-95 -42 37 -25 -88 -43 5 -17 -13 0 -36 87 9 86 24 84 73 20 -96 36 -52 -39 -20 95 -14 -47 -95 -18 13 22 -63 18 -60 10 -24 -91 -62 79 -42 -98 0 -34 14 61 -78 -66 -78 -63 56 39 -96 -95 -42 45 -18 2 -86 -50 4 -77 90 -18 -53 63 -98 -34 -46 15 40 56 -91 86 63 -75 -7 67 -41 10 -14 3 64 -84 -5 -32 26 20 -76 -76 87 -65 -39 87 31 5 1 67 98 -69 81 -67 
-54 -60 -4 77 -20 32 -4 -19 -72 -66 -7 -83 -36 88 97 44 68 -99 -80 84 -66 -71 -54 1 98 74 51 -53 85 -55 80 -78 -43 47 -92 -86 -2 42 -66 41 76 -13 68 -59 -2 58 4 -21 -86 36 -36 -60 56 -50 8 83 -3 -30 -74 -20 -70 -95 -45 -54 29 88 10 65 -52 36 -73 -18 37 44 12 34 56 56 56 48 36 -31 61 -95 -24 76 -58 -84 79 -1 1 -60 77 39 -16 -6 91 38 -52 29 
35 22 -88 -32 18 -87 40 -81 73 42 77 22 24 36 30 24 -79 -16 87 -88 -54 -1 -68 95 86 40 62 -49 -78 -1 -86 -67 -84 -56 98 -75 73 -72 -20 78 33 -27 99 33 43 40 -99 -93 -31 77 -68 -24 -92 -62 -83 79 27 61 30 -1 7 3 42 -4 -48 68 48 -59 -95 21 -60 27 94 63 -33 -87 39 43 -17 -10 -27 24 -27 -19 -13 42 -29 -48 -48 51 5 82 20 -55 17 72 25 -72 1 -67 
-75 -81 -30 38 -69 -69 -60 -16 70 -95 67 -60 -30 19 -10 -43 -13 -62 -14 -62 22 -45 -15 -27 70 -18 68 -89 -9 49 6 -83 -73 76 -63 18 -72 -85 -45 2 -93 -53 20 -82 -26 -10 -93 -33 91 -86 -67 -46 -87 47 47 72 -78 66 -97 85 -45 89 -73 -65 -52 -52 51 -98 -83 24 -37 83 -35 86 57 -85 -91 -78 -7 35 -7 -83 -71 18 11 -2 15 14 -22 -52 -94 2 63 -32 40 57 6 45 3 -17 
-25 -9 -9 41 -26 -96 3 86 15 66 63 14 32 94 36 41 85 -60 -76 -10 24 -30 79 31 47 65 -99 -79 -35 80 -39 -11 -40 81 82 -17 -25 42 -36 79 -89 4 13 -81 -4 -11 -1 28 15 69 87 -42 26 -58 -99 -31 12 94 -58 -78 66 26 -25 75 -26 87 92 48 -12 -61 -7 -24 -74 -25 84 -70 49 2 37 83 57 -92 -99 35 -7 -3 61 -25 -87 -41 13 18 -1 -83 -95 -42 96 65 84 -66 
14 95 -47 -51 -30 -48 -72 -82 -64 -64 -82 -62 51 -89 35 38 47 70 64 39 14 30 -95 -67 -37 49 23 -84 57 65 7 -28 97 8 53 -66 -2 33 -56 -77 -85 51 21 86 13 61 43 9 25 88 26 -21 94 72 -44 -49 6 -80 -49 -73 27 68 -48 53 63 -96 -16 32 79 -16 -56 -58 85 73 72 -81 71 3 -43 88 6 -92 -57 43 -21 46 -82 -14 85 82 -82 61 94 51 87 31 -17 3 46 -27 
-8 -37 83 3 67 56 75 -12 -63 -88 -47 45 -82 49 -46 -25 4 -91 87 47 8 23 37 19 55 52 -68 -75 -94 -9 87 46 32 55 -65 -35 51 -83 -17 -57 29 89 87 11 -1 -38 -52 -55 84 -54 -92 -27 23 89 97 -68 20 40 80 -88 -8 -54 -33 -28 69 80 -54 -86 80 -99 22 60 81 -30 28 78 68 22 23 -43 -83 -96 -34 97 -38 -40 35 89 13 45 76 0 -15 -54 -42 36 89 50 44 -36 
-94 -85 -96 -85 8 48 -9 -94 -75 71 25 -93 -26 -4 64 -15 -35 37 -68 82 -96 93 5 -39 6 61 11 -53 -11 -92 -95 -72 -74 65 -53 42 -34 15 -64 -24 -57 78 -54 57 42 28 -51 29 22 59 80 60 5 75 34 -5 -47 93 90 -85 -23 57 12 -19 -79 -83 87 -60 26 -43 -31 6 13 76 -79 93 -44 69 -86 -17 -98 -44 -9 69 78 7 10 -68 39 -27 -92 -24 -23 97 66 -76 -88 32 70 70 
-92 89 9 6 70 93 34 -63 -8 50 -71 98 -53 -78 -87 -15 -68 -30 -11 28 55 -41 -83 -70 89 93 -20 58 36 -29 -10 -10 -97 26 -79 81 95 85 -86 0 9 99 -21 -8 -47 78 -87 -20 82 -93 44 -92 -28 -95 -82 -61 -72 35 75 44 -58 -49 15 84 90 -26 48 -99 -17 -60 1 61 -90 7 -71 -98 25 79 -66 52 28 90 -10 -49 72 -4 -5 -72 86 45 -43 39 57 58 -70 -31 -76 -64 79 96 
-62 72 -51 57 -23 24 53 -30 -22 -96 1 -31 48 54 57 39 19 -54 -93 -17 -64 40 -28 96 56 36 -67 22 36 -23 51 -4 12 26 -42 92 5 0 -92 95 -56 63 16 51 64 -69 20 80 -80 64 -42 21 94 0 83 32 -75 28 -36 -17 -27 94 -56 21 -97 -57 -94 29 -98 45 60 77 98 -69 -40 -75 45 45 0 -55 -72 -78 0 54 -40 -33 64 90 28 -95 -22 22 -73 77 19 -42 20 91 -49 28 
-46 67 25 73 61 73 -39 37 74 53 -70 -66 -22 86 98 57 -92 -89 -32 -53 -23 64 -57 -63 3 48 15 22 88 71 -70 11 -39 34 59 72 -97 -77 92 2 9 73 -44 41 -86 -79 61 -34 93 66 -8 -31 96 36 38 88 -50 -79 85 56 7 9 -42 -4 34 44 -31 26 0 40 41 -4 92 85 -97 93 -39 -80 -20 15 -15 -4 17 -42 21 13 -78 67 31 8 59 -67 -75 97 99 33 65 -75 -27 -18 
-19 -85 -96 90 8 -67 7 -54 -10 -31 20 -67 96 -8 -1 8 33 -19 66 93 89 83 -85 88 -31 -78 26 -70 -10 -99 -99 15 -84 97 59 -81 88 54 -14 80 -16 21 -36 10 54 -57 -26 -90 -72 57 -45 80 11 -15 -91 54 -22 -70 27 -75 -76 54 -6 -35 55 3 97 11 -23 18 36 76 -95 22 -62 -33 -2 -69 58 15 78 20 -49 42 -3 78 -91 -9 37 -34 67 88 96 -62 43 -35 29 43 86 -7 
96 55 32 75 26 -86 14 -47 -24 -31 -86 -25 -95 -21 -37 -51 -39 -76 -69 21 11 -60 58 50 -19 93 -19 -87 -18 22 43 -82 50 -9 -72 -83 71 35 -56 -52 21 -65 80 -65 5 36 -87 5 -74 14 -66 -36 10 -47 -7 5 31 -6 22 68 99 -58 61 71 -47 49 89 65 4 55 91 25 -56 96 43 66 23 26 0 -90 -36 -31 24 67 -11 -29 6 -27 -54 -90 58 -14 83 67 -21 33 32 -20 97 17 
-28 -30 -34 -44 -4 56 -30 -92 -16 -21 37 -77 -8 4 -79 75 17 -46 48 74 -62 -95 -6 -82 14 60 -16 -54 92 -2 -58 -34 98 -96 91 7 15 10 37 90 -42 -83 51 -65 -93 -68 22 27 9 -6 15 56 -70 -93 16 -57 -50 -26 -57 45 -12 -22 94 -70 21 -21 -65 -61 82 16 -96 -56 -76 -5 -53 65 -17 25 5 -75 58 -24 80 28 -40 39 52 -29 62 62 -70 -65 16 61 -29 94 -45 -20 44 9 
-13 -4 -28 91 -21 -37 -26 -71 75 -44 91 0 -30 -17 97 -5 43 87 -20 75 -97 -94 36 -24 55 47 68 5 -35 88 -88 41 -95 -66 56 -14 -70 -32 -71 -30 17 -11 -81 -19 -71 27 1 -5 -92 -33 87 89 1 -52 32 28 -39 -65 94 35 90 11 43 81 -81 7 53 -89 27 -50 19 64 86 54 66 88 -99 -20 0 22 -6 54 -57 10 65 -38 98 -21 35 -84 -30 58 -48 -13 25 -55 -41 -72 69 -24 
39 -22 2 -89 77 7 -72 -23 94 -86 -78 38 -76 -9 57 -3 -14 -19 -37 80 93 46 28 -26 17 -15 -80 -63 68 -69 24 -76 -91 -11 -24 -22 -40 -31 -22 -7 33 24 1 98 94 11 27 -28 94 -27 99 -55 -70 44 82 -23 -69 34 71 -72 70 -15 49 -77 -40 -23 -13 90 84 -10 33 47 85 -24 87 87 -48 80 54 21 -94 -37 -6 80 -17 90 23 93 50 26 -32 19 32 -81 91 -27 -37 -1 29 -24 
-20 46 -73 80 -67 90 -21 -78 -12 93 25 55 45 -93 77 92 6 27 21 -90 47 -82 -87 72 67 -42 -27 -31 64 -23 -26 -17 22 48 -99 -73 33 21 13 -58 70 73 -98 -48 -83 89 60 16 64 94 -73 -23 -30 59 18 -89 2 -10 -68 -98 60 27 36 -38 -34 -36 12 -81 94 17 -54 -79 -17 -95 -72 17 -28 -73 1 -88 67 59 -64 7 -83 63 11 55 41 -34 -51 -75 58 -71 46 57 76 -39 -70 -51 
68 -76 75 -72 -45 3 -42 -15 -91 -39 -99 75 40 86 -9 10 92 73 97 -9 -95 -34 84 85 76 -77 -19 43 68 67 1 8 19 -20 47 -74 -8 47 -5 -48 1 -67 42 25 -18 -65 -22 22 20 93 28 -40 -46 63 15 64 -85 -19 28 -79 32 -93 -13 47 56 89 -79 -89 15 -92 -17 -23 37 -90 -14 -20 -56 94 -3 -90 64 -8 34 -27 0 -69 25 -33 83 67 -14 -77 40 32 -73 -17 -63 -49 96 -98 
-11 -77 81 82 -15 22 -29 -81 19 49 28 -30 -28 32 27 -68 -35 -98 82 64 -60 13 70 -24 -58 61 6 -43 -6 59 -73 -47 -72 -43 -68 -12 58 0 52 -81 -53 80 63 60 66 72 -6 -97 83 -95 -37 -79 85 -23 -28 39 33 -62 22 76 76 -28 -94 77 87 69 -84 -95 -18 95 92 -50 -87 -4 -95 2 -80 -97 69 -84 34 -66 -9 -67 38 44 62 -36 -11 3 -81 -55 78 -26 -59 -15 38 52 31 76 
-6 -36 37 79 81 -63 -95 45 -53 -94 -64 95 -53 -92 -96 -10 24 99 58 -35 -1 -72 53 58 5 81 19 15 -4 90 -46 -25 -86 -83 42 -62 -3 -30 24 69 -56 -70 85 -6 -76 79 50 81 -17 20 24 86 27 -89 60 -55 -91 39 74 4 -45 31 39 35 68 -66 77 -82 50 26 -29 -83 85 15 -43 62 -83 93 -9 85 -31 17 99 -63 -45 -53 -14 -39 85 55 -16 80 -43 53 53 -13 -31 52 -9 -94 
